Epoch [1/100]
Sample 1 - Original:
[1.0565835  2.0496309  0.23878686 0.         0.         0.16349873
 1.5945486  2.2509615  3.2372577  1.4594316 ]
Sample 1 - Reconstructed:
[1. 0. 1. 1. 0. 1. 0. 1. 1. 0.]

Sample 2 - Original:
[1.8678964  3.807355   0.18903382 0.         0.         0.9107327
 2.1890337  4.800123   7.1244316  0.9183862 ]
Sample 2 - Reconstructed:
[1. 0. 1. 1. 0. 1. 0. 1. 1. 0.]

Sample 3 - Original:
[1.6461626  3.2809563  0.04264434 0.         0.         0.17632277
 2.5285714  3.4750848  4.372256   1.6461626 ]
Sample 3 - Reconstructed:
[1. 0. 1. 1. 0. 1. 0. 1. 1. 0.]

Sample 4 - Original:
[1.454176   3.0548484  0.08406427 0.         0.         0.98550045
 2.1210153  5.9195786  5.1415963  1.9107326 ]
Sample 4 - Reconstructed:
[1. 0. 1. 1. 0. 1. 0. 1. 1. 0.]

Sample 5 - Original:
[2.0214798  1.7441611  0.         0.         0.         0.18903382
 1.2326608  2.6690269  4.082362   1.5459684 ]
Sample 5 - Reconstructed:
[1. 0. 1. 1. 0. 1. 0. 1. 1. 0.]

Epoch [2/100]
Sample 1 - Original:
[1.4956951  3.1375036  0.5849625  0.         0.         0.13750352
 1.9259994  3.273516   4.111866   1.8836209 ]
Sample 1 - Reconstructed:
[1. 1. 1. 1. 0. 1. 0. 1. 1. 1.]

Sample 2 - Original:
[2.6599245  2.4750848  0.04264434 0.         0.         0.5849625
 2.49057    3.1858666  5.395748   1.7570232 ]
Sample 2 - Reconstructed:
[1. 1. 1. 1. 0. 1. 0. 1. 1. 1.]

Sample 3 - Original:
[1.9448584  3.6622055  0.5160152  0.         0.         0.12432814
 2.9541962  4.110196   4.769243   1.8439839 ]
Sample 3 - Reconstructed:
[1. 1. 1. 1. 0. 1. 0. 1. 1. 1.]

Sample 4 - Original:
[1.4646683  2.49057    0.11103131 0.         0.         0.3561438
 2.6825733  5.235344   4.308157   1.9221978 ]
Sample 4 - Reconstructed:
[1. 1. 1. 1. 0. 1. 0. 1. 1. 1.]

Sample 5 - Original:
[1.4114262  1.5260688  0.15055968 0.         0.         0.2630344
 3.0992951  4.096768   3.8619554  1.7655348 ]
Sample 5 - Reconstructed:
[1. 1. 1. 1. 0. 1. 0. 1. 1. 1.]

Epoch [3/100]
Sample 1 - Original:
[1.3045111  2.0426443  0.08406427 0.         0.         0.74846125
 2.9467309  4.402586   5.028569   2.0426443 ]
Sample 1 - Reconstructed:
[1. 0. 1. 1. 1. 1. 1. 1. 1. 0.]

Sample 2 - Original:
[2.2047668  3.8767624  0.641546   0.         0.08406427 0.2630344
 1.8875253  4.5459685  5.811214   1.4594316 ]
Sample 2 - Reconstructed:
[1. 0. 1. 1. 1. 1. 1. 1. 1. 0.]

Sample 3 - Original:
[1.5459684  2.9763637  0.07038933 0.         0.         0.28688115
 1.6825733  4.229588   6.0020275  0.83187723]
Sample 3 - Reconstructed:
[1. 0. 1. 1. 1. 1. 1. 1. 1. 0.]

Sample 4 - Original:
[2.2418401  1.9523336  0.11103131 0.         0.         0.32192808
 2.3923175  4.3964334  5.9827657  2.0600474 ]
Sample 4 - Reconstructed:
[1. 0. 1. 1. 1. 1. 1. 1. 1. 0.]

Sample 5 - Original:
[1.9560566  4.253989   0.12432814 0.         0.         0.47508487
 1.9708537  4.516015   6.590063   1.1043366 ]
Sample 5 - Reconstructed:
[1. 0. 1. 1. 1. 1. 1. 1. 1. 0.]

Epoch [4/100]
Sample 1 - Original:
[2.424922  4.499527  0.9183862 0.        0.        0.4541759 3.2600257
 5.2253523 4.919817  2.1375036]
Sample 1 - Reconstructed:
[1. 0. 1. 1. 0. 1. 0. 1. 1. 0.]

Sample 2 - Original:
[3.1473067  2.6690269  0.23878686 0.         0.         0.5360529
 5.007644   3.7473874  4.6467385  1.7697717 ]
Sample 2 - Reconstructed:
[1. 0. 1. 1. 0. 1. 0. 1. 1. 0.]

Sample 3 - Original:
[3.129283   1.4436066  0.15055968 0.         0.         0.12432814
 3.6678922  3.8509994  4.873813   2.2839217 ]
Sample 3 - Reconstructed:
[1. 0. 1. 1. 0. 1. 0. 1. 1. 0.]

Sample 4 - Original:
[1.8073549  3.2675357  0.22650853 0.         0.         0.13750352
 3.4776773  3.7026575  4.1366835  1.1375035 ]
Sample 4 - Reconstructed:
[1. 0. 1. 1. 0. 1. 0. 1. 1. 0.]

Sample 5 - Original:
[1.6735564  2.7655346  0.11103131 0.         0.         0.40053794
 2.114367   4.4429436  4.7559557  1.1043366 ]
Sample 5 - Reconstructed:
[1. 0. 1. 1. 0. 1. 0. 1. 1. 0.]

Epoch [5/100]
Sample 1 - Original:
[1.4114262  2.6667566  0.32192808 0.         0.         0.3895668
 3.4841383  3.3504972  4.4679317  1.7136958 ]
Sample 1 - Reconstructed:
[1. 1. 1. 1. 0. 1. 0. 1. 1. 1.]

Sample 2 - Original:
[1.6735564  1.3895668  0.         0.         0.         0.61353165
 1.3785117  4.019702   5.753016   1.1375035 ]
Sample 2 - Reconstructed:
[1. 1. 1. 1. 0. 1. 0. 1. 1. 1.]

Sample 3 - Original:
[2.1538053  1.9708537  0.15055968 0.         0.         0.3103401
 3.1874511  3.2539892  3.864929   1.3045111 ]
Sample 3 - Reconstructed:
[1. 1. 1. 1. 0. 1. 0. 1. 1. 1.]

Sample 4 - Original:
[2.454176   3.6287737  0.40053794 0.         0.         0.6690268
 4.0686707  4.9900475  4.7755775  1.8519988 ]
Sample 4 - Reconstructed:
[1. 1. 1. 1. 0. 1. 0. 1. 1. 1.]

Sample 5 - Original:
[1.9221978 3.485427  0.        0.        0.        0.5160152 1.704872
 4.0574503 6.07767   1.1953475]
Sample 5 - Reconstructed:
[1. 1. 1. 1. 0. 1. 0. 1. 1. 1.]

Epoch [6/100]
Sample 1 - Original:
[1.8678964 2.722466  0.2630344 0.        0.        0.5655972 2.3561437
 5.6842575 5.56864   1.9597702]
Sample 1 - Reconstructed:
[1. 0. 1. 1. 1. 1. 0. 1. 1. 0.]

Sample 2 - Original:
[1.8599695 4.233428  0.2630344 0.        0.        0.790772  2.9981954
 4.6853795 7.3406515 1.4329594]
Sample 2 - Reconstructed:
[1. 0. 1. 1. 1. 1. 0. 1. 1. 0.]

Sample 3 - Original:
[3.3419857  2.7527485  0.17632277 0.         0.         0.08406427
 3.1763227  3.9717734  4.4141355  1.7739964 ]
Sample 3 - Reconstructed:
[1. 0. 1. 1. 1. 1. 0. 1. 1. 0.]

Sample 4 - Original:
[1.6040714  1.7739964  0.02856915 0.         0.         0.3103401
 3.3190398  3.3603642  3.949535   1.4956951 ]
Sample 4 - Reconstructed:
[1. 0. 1. 1. 1. 1. 0. 1. 1. 0.]

Sample 5 - Original:
[1.4594316  2.8196683  0.09761079 0.         0.         0.27500704
 2.0285692  3.035624   4.232661   1.4489009 ]
Sample 5 - Reconstructed:
[1. 0. 1. 1. 1. 1. 0. 1. 1. 0.]

Epoch [7/100]
Sample 1 - Original:
[1.7355222  3.8767624  0.23878686 0.         0.         0.16349873
 1.9634742  4.086614   4.0900064  2.0071955 ]
Sample 1 - Reconstructed:
[1. 1. 1. 0. 1. 1. 0. 1. 1. 1.]

Sample 2 - Original:
[1.3045111  3.5410192  0.05658353 0.         0.         0.17632277
 2.1602747  4.132577   4.318317   1.4436066 ]
Sample 2 - Reconstructed:
[1. 1. 1. 0. 1. 1. 0. 1. 1. 1.]

Sample 3 - Original:
[1.8599695  2.6369145  0.07038933 0.         0.         0.49569517
 1.7311833  4.059182   4.474436   1.722466  ]
Sample 3 - Reconstructed:
[1. 1. 1. 0. 1. 1. 0. 1. 1. 1.]

Sample 4 - Original:
[1.4276062  3.1424134  0.25096157 0.         0.         0.12432814
 2.3561437  3.179511   3.0789514  1.1505597 ]
Sample 4 - Reconstructed:
[1. 1. 1. 0. 1. 1. 0. 1. 1. 1.]

Sample 5 - Original:
[3.2764966  2.9049656  0.02856915 0.         0.         0.22650853
 3.1667154  4.125982   5.2894654  2.2809563 ]
Sample 5 - Reconstructed:
[1. 1. 1. 0. 1. 1. 0. 1. 1. 1.]

Epoch [8/100]
Sample 1 - Original:
[2.1826923 4.3434076 0.2141248 0.        0.        0.5849625 1.5849625
 4.919817  6.6369147 1.3895668]
Sample 1 - Reconstructed:
[1. 1. 1. 1. 0. 1. 1. 1. 1. 1.]

Sample 2 - Original:
[2.169925  4.2008495 0.5260688 0.        0.        0.5160152 4.2779846
 4.9936743 4.4409523 1.9634742]
Sample 2 - Reconstructed:
[1. 1. 1. 1. 0. 1. 1. 1. 1. 1.]

Sample 3 - Original:
[1.1505597  2.5558162  0.28688115 0.         0.         0.5558162
 1.8875253  3.6276069  5.4627066  0.78240854]
Sample 3 - Reconstructed:
[1. 1. 1. 1. 0. 1. 1. 1. 1. 1.]

Sample 4 - Original:
[1.3045111  2.7990873  0.2141248  0.         0.         0.70487195
 2.2172308  4.8509994  4.6461625  1.7441611 ]
Sample 4 - Reconstructed:
[1. 1. 1. 1. 0. 1. 1. 1. 1. 1.]

Sample 5 - Original:
[2.1763227  2.9068906  0.02856915 0.         0.         0.44360664
 1.9927684  4.4342947  6.8158317  0.8155754 ]
Sample 5 - Reconstructed:
[1. 1. 1. 1. 0. 1. 1. 1. 1. 1.]

Epoch [9/100]
Sample 1 - Original:
[2.2418401  3.6461627  0.3448285  0.         0.         0.15055968
 2.7591558  4.0565834  4.4776773  1.7527486 ]
Sample 1 - Reconstructed:
[1. 0. 1. 1. 0. 1. 0. 1. 1. 1.]

Sample 2 - Original:
[2.07382    1.1505597  0.3103401  0.         0.         0.23878686
 1.2078929  4.5807486  3.3490822  2.3103402 ]
Sample 2 - Reconstructed:
[1. 0. 1. 1. 0. 1. 0. 1. 1. 1.]

Sample 3 - Original:
[2.3923175  4.2824397  0.02856915 0.         0.         0.8953026
 2.304511   5.14323    6.67638    1.2326608 ]
Sample 3 - Reconstructed:
[1. 0. 1. 1. 0. 1. 0. 1. 1. 1.]

Sample 4 - Original:
[2.0669503  3.0840642  0.16349873 0.         0.         1.0426444
 4.0703893  3.8389518  5.111866   1.9927684 ]
Sample 4 - Reconstructed:
[1. 0. 1. 1. 0. 1. 0. 1. 1. 1.]

Sample 5 - Original:
[2.1890337  2.577731   1.2326608  0.         0.07038933 0.12432814
 2.6299393  2.9763637  3.8206897  1.5993178 ]
Sample 5 - Reconstructed:
[1. 0. 1. 1. 0. 1. 0. 1. 1. 1.]

Epoch [10/100]
Sample 1 - Original:
[1.275007   2.3785117  0.         0.         0.         0.69599384
 2.367371   5.0085406  5.4426117  1.3729521 ]
Sample 1 - Reconstructed:
[1. 0. 1. 1. 0. 1. 0. 1. 1. 1.]

Sample 2 - Original:
[1.847997   3.1858666  0.2141248  0.         0.         0.22650853
 2.3812833  3.638074   4.5533605  1.4276062 ]
Sample 2 - Reconstructed:
[1. 0. 1. 1. 0. 1. 0. 1. 1. 1.]

Sample 3 - Original:
[2.0840642 3.4659746 0.        0.        0.        0.5160152 1.9411063
 4.579542  6.327867  1.3219281]
Sample 3 - Reconstructed:
[1. 0. 1. 1. 0. 1. 0. 1. 1. 1.]

Sample 4 - Original:
[1.454176   2.9745293  0.7136958  0.         0.         0.11103131
 1.6553519  3.500802   4.1068506  1.1634988 ]
Sample 4 - Reconstructed:
[1. 0. 1. 1. 0. 1. 0. 1. 1. 1.]

Sample 5 - Original:
[2.5134907  2.929791   0.9927684  0.         0.         0.17632277
 3.8094144  3.4568062  5.210623   1.7990873 ]
Sample 5 - Reconstructed:
[1. 0. 1. 1. 0. 1. 0. 1. 1. 1.]

Epoch [11/100]
Sample 1 - Original:
[1.2326608  2.397803   0.09761079 0.         0.         0.11103131
 2.0391383  1.9145645  2.8176231  1.2141248 ]
Sample 1 - Reconstructed:
[1. 1. 1. 1. 0. 1. 0. 1. 1. 1.]

Sample 2 - Original:
[1.7355222  3.3348544  1.077243   0.         0.         0.13750352
 3.2794714  3.7644734  4.4309545  1.9523336 ]
Sample 2 - Reconstructed:
[1. 1. 1. 1. 0. 1. 0. 1. 1. 1.]

Sample 3 - Original:
[1.4956951  2.3476655  0.16349873 0.         0.         0.02856915
 1.1309309  2.7824085  3.690417   1.6553519 ]
Sample 3 - Reconstructed:
[1. 1. 1. 1. 0. 1. 0. 1. 1. 1.]

Sample 4 - Original:
[1.2927817  2.82171    0.08406427 0.         0.         0.8797058
 1.9183862  4.9373446  5.044394   1.6369146 ]
Sample 4 - Reconstructed:
[1. 1. 1. 1. 0. 1. 0. 1. 1. 1.]

Sample 5 - Original:
[1.5849625  3.200065   0.04264434 0.         0.         1.400538
 2.5801456  5.028127   5.31034    1.5655972 ]
Sample 5 - Reconstructed:
[1. 1. 1. 1. 0. 1. 0. 1. 1. 1.]

Epoch [12/100]
Sample 1 - Original:
[1.7697717  2.8698714  0.08406427 0.         0.         0.08406427
 2.6299393  3.3617682  3.7792597  1.7865964 ]
Sample 1 - Reconstructed:
[1. 0. 1. 1. 0. 1. 0. 1. 1. 1.]

Sample 2 - Original:
[1.6135317  3.2971914  0.3895668  0.         0.         0.09761079
 2.3645725  3.6814492  4.15056    1.8399596 ]
Sample 2 - Reconstructed:
[1. 0. 1. 1. 0. 1. 0. 1. 1. 1.]

Sample 3 - Original:
[1.3276874  3.207893   0.18903382 0.         0.         0.09761079
 2.1858666  3.4607425  4.6814494  1.5459684 ]
Sample 3 - Reconstructed:
[1. 0. 1. 1. 0. 1. 0. 1. 1. 1.]

Sample 4 - Original:
[2.7824085  3.5957422  0.82374936 0.         0.         0.36737105
 3.129283   6.2809563  5.1370935  2.1210153 ]
Sample 4 - Reconstructed:
[1. 0. 1. 1. 0. 1. 0. 1. 1. 1.]

Sample 5 - Original:
[2.0426443 3.4342947 1.1043366 0.        0.        0.2630344 2.7158933
 3.784504  4.499527  2.3645725]
Sample 5 - Reconstructed:
[1. 0. 1. 1. 0. 1. 0. 1. 1. 1.]

Epoch [13/100]
Sample 1 - Original:
[2.8318772  3.273516   0.18903382 0.         0.         0.2986583
 1.7824086  5.164304   6.8664136  0.8479969 ]
Sample 1 - Reconstructed:
[1. 1. 1. 1. 0. 1. 0. 1. 1. 1.]

Sample 2 - Original:
[1.2570106  1.1953475  1.5849625  0.         0.         0.08406427
 3.83289    1.9523336  3.0840642  1.8318772 ]
Sample 2 - Reconstructed:
[1. 1. 1. 1. 0. 1. 0. 1. 1. 1.]

Sample 3 - Original:
[1.2509615  3.6982186  0.05658353 0.         0.         0.69599384
 2.6088092  5.3504972  4.5759172  2.        ]
Sample 3 - Reconstructed:
[1. 1. 1. 1. 0. 1. 0. 1. 1. 1.]

Sample 4 - Original:
[2.7136958  3.9954846  1.4059924  0.         0.         0.17632277
 2.367371   4.955127   4.1618876  1.722466  ]
Sample 4 - Reconstructed:
[1. 1. 1. 1. 0. 1. 0. 1. 1. 1.]

Sample 5 - Original:
[2.017922   3.8539956  0.09761079 0.         0.         0.08406427
 2.9541962  4.1407785  4.5698557  1.8559897 ]
Sample 5 - Reconstructed:
[1. 1. 1. 1. 0. 1. 0. 1. 1. 1.]

Epoch [14/100]
Sample 1 - Original:
[2.3419857  3.30305    0.09761079 0.         0.         0.2630344
 3.135863   3.7235587  4.8237495  1.6276069 ]
Sample 1 - Reconstructed:
[1. 0. 1. 1. 0. 1. 0. 1. 1. 1.]

Sample 2 - Original:
[2.035624   2.9781957  0.641546   0.         0.         0.20163386
 3.0461419  3.9382858  4.0900064  1.6915342 ]
Sample 2 - Reconstructed:
[1. 0. 1. 1. 0. 1. 0. 1. 1. 1.]

Sample 3 - Original:
[1.5509007  2.6915343  0.15055968 0.         0.         0.3895668
 2.2986584  4.457463   6.189034   1.400538  ]
Sample 3 - Reconstructed:
[1. 0. 1. 1. 0. 1. 0. 1. 1. 1.]

Sample 4 - Original:
[1.6276069 2.5285714 1.1243281 0.        0.        0.2141248 3.592158
 3.736605  3.5861642 1.3840498]
Sample 4 - Reconstructed:
[1. 0. 1. 1. 0. 1. 0. 1. 1. 1.]

Sample 5 - Original:
[2.063503   2.6111724  0.27500704 0.         0.         0.6870607
 3.1984942  2.9467309  3.5909612  1.641546  ]
Sample 5 - Reconstructed:
[1. 0. 1. 1. 0. 1. 0. 1. 1. 1.]

Epoch [15/100]
Sample 1 - Original:
[1.9963888  3.776104   0.22650853 0.         0.         0.69599384
 3.0391383  4.7554216  6.7847657  1.1826923 ]
Sample 1 - Reconstructed:
[1. 1. 1. 1. 0. 1. 0. 1. 1. 0.]

Sample 2 - Original:
[2.130931   3.9864109  0.28688115 0.         0.         0.3561438
 3.6622055  4.345538   4.905447   1.8559897 ]
Sample 2 - Reconstructed:
[1. 1. 1. 1. 0. 1. 0. 1. 1. 0.]

Sample 3 - Original:
[2.1009777  1.6959938  0.         0.         0.         0.20163386
 0.6507646  3.6982186  4.8439837  1.1243281 ]
Sample 3 - Reconstructed:
[1. 1. 1. 1. 0. 1. 0. 1. 1. 0.]

Sample 4 - Original:
[1.8757801  2.2539892  0.07038933 0.         0.         0.2141248
 2.3812833  2.7202785  3.9745293  1.4114262 ]
Sample 4 - Reconstructed:
[1. 1. 1. 1. 0. 1. 0. 1. 1. 0.]

Sample 5 - Original:
[1.8073549  3.701549   0.         0.         0.         0.11103131
 2.7548876  4.0408926  4.196922   1.4382929 ]
Sample 5 - Reconstructed:
[1. 1. 1. 1. 0. 1. 0. 1. 1. 0.]

Epoch [16/100]
Sample 1 - Original:
[1.5310695  3.3561437  0.20163386 0.         0.         0.18903382
 1.8599695  3.6712933  4.6570683  1.8155755 ]
Sample 1 - Reconstructed:
[1. 1. 1. 1. 0. 1. 1. 1. 1. 0.]

Sample 2 - Original:
[2.678072   3.22033    2.1043367  0.         0.         0.15055968
 3.502076   3.836934   4.4627066  1.7990873 ]
Sample 2 - Reconstructed:
[1. 1. 1. 1. 0. 1. 1. 1. 1. 0.]

Sample 3 - Original:
[1.5558162  2.7355223  0.15055968 0.         0.         0.18903382
 2.4168398  2.989139   4.086614   1.4802651 ]
Sample 3 - Reconstructed:
[1. 1. 1. 1. 0. 1. 1. 1. 1. 0.]

Sample 4 - Original:
[1.4382929  3.8855743  0.41142625 0.         0.         0.62293035
 1.9597702  4.5304456  6.669877   1.1634988 ]
Sample 4 - Reconstructed:
[1. 1. 1. 1. 0. 1. 1. 1. 1. 0.]

Sample 5 - Original:
[3.1127002  2.2600257  0.09761079 0.         0.         0.16349873
 3.949535   4.373648   5.524816   1.7739964 ]
Sample 5 - Reconstructed:
[1. 1. 1. 1. 0. 1. 1. 1. 1. 0.]

Epoch [17/100]
Sample 1 - Original:
[2.8318772  3.273516   0.18903382 0.         0.         0.2986583
 1.7824086  5.164304   6.8664136  0.8479969 ]
Sample 1 - Reconstructed:
[1. 0. 1. 1. 0. 1. 0. 1. 1. 1.]

Sample 2 - Original:
[2.5033488  4.379205   0.25096157 0.         0.         0.16349873
 3.0942361  4.6582117  3.9927685  1.8797058 ]
Sample 2 - Reconstructed:
[1. 0. 1. 1. 0. 1. 0. 1. 1. 1.]

Sample 3 - Original:
[2.130931  3.2720232 0.6322682 0.        0.        1.1763228 1.5310695
 4.7538185 6.0755324 1.169925 ]
Sample 3 - Reconstructed:
[1. 0. 1. 1. 0. 1. 0. 1. 1. 1.]

Sample 4 - Original:
[2.424922   1.9560566  0.13750352 0.         0.         0.37851164
 3.1953475  5.3788586  4.4847827  1.7697717 ]
Sample 4 - Reconstructed:
[1. 0. 1. 1. 0. 1. 0. 1. 1. 1.]

Sample 5 - Original:
[1.722466   3.190615   0.18903382 0.         0.         0.13750352
 2.1505597  3.4382927  4.206331   2.0143552 ]
Sample 5 - Reconstructed:
[1. 0. 1. 1. 0. 1. 0. 1. 1. 1.]

Epoch [18/100]
Sample 1 - Original:
[1.4956951  2.5058908  0.6870607  0.         0.         0.25096157
 2.9107327  2.6369145  4.1610813  1.7180876 ]
Sample 1 - Reconstructed:
[1. 1. 1. 1. 0. 1. 0. 1. 1. 0.]

Sample 2 - Original:
[1.3561438  2.7026575  0.37851164 0.         0.07038933 0.6040713
 2.3161457  4.2047668  3.8787253  1.3785117 ]
Sample 2 - Reconstructed:
[1. 1. 1. 1. 0. 1. 0. 1. 1. 0.]

Sample 3 - Original:
[2.032101   4.157852   0.11103131 0.         0.         0.5260688
 1.6322682  5.8257856  6.753016   0.76553476]
Sample 3 - Reconstructed:
[1. 1. 1. 1. 0. 1. 0. 1. 1. 0.]

Sample 4 - Original:
[1.3617684  1.4594316  0.36737105 0.         0.         0.09761079
 2.6299393  2.448901   3.9818528  1.3504972 ]
Sample 4 - Reconstructed:
[1. 1. 1. 1. 0. 1. 0. 1. 1. 0.]

Sample 5 - Original:
[2.3248105  3.6484654  0.25096157 0.         0.         0.13750352
 1.8991756  4.120186   4.0832133  1.6825733 ]
Sample 5 - Reconstructed:
[1. 1. 1. 1. 0. 1. 0. 1. 1. 0.]

Epoch [19/100]
Sample 1 - Original:
[2.2172308  2.0976107  0.23878686 0.         0.         0.3448285
 2.235727   2.3015876  3.8589756  1.0496308 ]
Sample 1 - Reconstructed:
[1. 0. 1. 1. 0. 1. 0. 1. 1. 1.]

Sample 2 - Original:
[1.6870607  2.419539   0.         0.         0.         0.23878686
 1.8875253  2.7398481  3.4944155  1.5109619 ]
Sample 2 - Reconstructed:
[1. 0. 1. 1. 0. 1. 0. 1. 1. 1.]

Sample 3 - Original:
[2.2509615  4.2418404  0.83995956 0.         0.         0.22650853
 2.9145646  4.6797614  4.7420063  2.2509615 ]
Sample 3 - Reconstructed:
[1. 0. 1. 1. 0. 1. 0. 1. 1. 1.]

Sample 4 - Original:
[2.0806577  1.2927817  0.         0.         0.         0.42223302
 1.560715   5.3201237  7.0974     1.3785117 ]
Sample 4 - Reconstructed:
[1. 0. 1. 1. 0. 1. 0. 1. 1. 1.]

Sample 5 - Original:
[1.4168397  3.397803   0.17632277 0.         0.         0.5849625
 2.87578    4.4627066  6.305788   1.3561438 ]
Sample 5 - Reconstructed:
[1. 0. 1. 1. 0. 1. 0. 1. 1. 1.]

Epoch [20/100]
Sample 1 - Original:
[1.6040714  3.2645364  0.07038933 0.         0.         0.42223302
 1.0908535  4.8130116  6.7847657  1.1570437 ]
Sample 1 - Reconstructed:
[1. 1. 1. 1. 0. 1. 0. 1. 1. 0.]

Sample 2 - Original:
[2.560715   3.107688   0.         0.         0.         0.32192808
 1.1826923  5.0544143  6.6820116  1.0976108 ]
Sample 2 - Reconstructed:
[1. 1. 1. 1. 0. 1. 0. 1. 1. 0.]

Sample 3 - Original:
[1.8155755  3.6005077  0.07038933 0.         0.         0.5849625
 2.5185351  6.2579536  5.0789514  1.7949357 ]
Sample 3 - Reconstructed:
[1. 1. 1. 1. 0. 1. 0. 1. 1. 0.]

Sample 4 - Original:
[2.8953025  2.1763227  0.20163386 0.         0.         0.27500704
 3.9164767  3.5582676  4.5166454  1.9259994 ]
Sample 4 - Reconstructed:
[1. 1. 1. 1. 0. 1. 0. 1. 1. 0.]

Sample 5 - Original:
[1.9745293  4.5459685  0.08406427 0.         0.         0.41142625
 2.6088092  3.7824085  5.3451834  1.8559897 ]
Sample 5 - Reconstructed:
[1. 1. 1. 1. 0. 1. 0. 1. 1. 0.]

Epoch [21/100]
Sample 1 - Original:
[2.1890337  0.78240854 0.04264434 0.         0.         0.02856915
 3.8429787  3.4141355  3.22033    1.3785117 ]
Sample 1 - Reconstructed:
[1. 1. 1. 1. 0. 1. 0. 1. 1. 0.]

Sample 2 - Original:
[1.4750849  2.6507645  0.18903382 0.         0.         0.4854268
 2.38405    4.788686   5.5456595  1.7136958 ]
Sample 2 - Reconstructed:
[1. 1. 1. 1. 0. 1. 0. 1. 1. 0.]

Sample 3 - Original:
[2.596935   4.8298497  0.83187723 0.         0.         0.33342373
 3.2156787  4.422906   5.4245863  2.0107799 ]
Sample 3 - Reconstructed:
[1. 1. 1. 1. 0. 1. 0. 1. 1. 0.]

Sample 4 - Original:
[2.2418401  1.9523336  0.11103131 0.         0.         0.32192808
 2.3923175  4.3964334  5.9827657  2.0600474 ]
Sample 4 - Reconstructed:
[1. 1. 1. 1. 0. 1. 0. 1. 1. 0.]

Sample 5 - Original:
[1.6276069  4.4127817  0.12432814 0.         0.         0.5655972
 1.6780719  4.9020734  7.1059084  0.87184364]
Sample 5 - Reconstructed:
[1. 1. 1. 1. 0. 1. 0. 1. 1. 0.]

Epoch [22/100]
Sample 1 - Original:
[1.6735564  3.3001237  0.         0.         0.         0.33342373
 2.6016965  4.582556   6.46679    1.3673711 ]
Sample 1 - Reconstructed:
[1. 1. 1. 1. 0. 1. 0. 1. 1. 1.]

Sample 2 - Original:
[2.4356287  3.3262496  0.         0.         0.         0.25096157
 2.1243281  5.1731277  6.5840607  1.505891  ]
Sample 2 - Reconstructed:
[1. 1. 1. 1. 0. 1. 0. 1. 1. 1.]

Sample 3 - Original:
[2.2868812  2.82171    0.28688115 0.         0.         0.2986583
 3.32337    3.2326608  4.7009945  2.0496309 ]
Sample 3 - Reconstructed:
[1. 1. 1. 1. 0. 1. 0. 1. 1. 1.]

Sample 4 - Original:
[1.4802651  1.7092906  0.07038933 0.         0.         0.04264434
 0.6507646  1.7907721  1.7484612  0.90303826]
Sample 4 - Reconstructed:
[1. 1. 1. 1. 0. 1. 0. 1. 1. 1.]

Sample 5 - Original:
[2.3362834  2.8991756  0.11103131 0.         0.         0.25096157
 1.8639385  3.6052573  4.56864    1.4329594 ]
Sample 5 - Reconstructed:
[1. 1. 1. 1. 0. 1. 0. 1. 1. 1.]

Epoch [23/100]
Sample 1 - Original:
[2.4594316  3.5741014  0.9708536  0.         0.         0.05658353
 3.1683211  3.8629472  4.9059286  1.9781957 ]
Sample 1 - Reconstructed:
[1. 1. 1. 1. 0. 1. 0. 1. 1. 1.]

Sample 2 - Original:
[1.9523336  2.4462562  0.20163386 0.         0.         0.36737105
 1.1243281  5.446256   5.234578   1.7527486 ]
Sample 2 - Reconstructed:
[1. 1. 1. 1. 0. 1. 0. 1. 1. 1.]

Sample 3 - Original:
[1.6229304  2.2047668  0.02856915 0.         0.         0.3448285
 2.9429836  4.186659   4.246408   1.8032271 ]
Sample 3 - Reconstructed:
[1. 1. 1. 1. 0. 1. 0. 1. 1. 1.]

Sample 4 - Original:
[2.5459683  4.227279   0.5260688  0.         0.         0.18903382
 3.1505597  5.030336   4.7511425  1.8318772 ]
Sample 4 - Reconstructed:
[1. 1. 1. 1. 0. 1. 0. 1. 1. 1.]

Sample 5 - Original:
[2.8318772  3.273516   0.18903382 0.         0.         0.2986583
 1.7824086  5.164304   6.8664136  0.8479969 ]
Sample 5 - Reconstructed:
[1. 1. 1. 1. 0. 1. 0. 1. 1. 1.]

Epoch [24/100]
Sample 1 - Original:
[2.9467309  2.5728896  1.0285691  0.46466827 0.         0.93357265
 5.355439   3.6005077  5.879951   1.7824086 ]
Sample 1 - Reconstructed:
[1. 1. 1. 1. 1. 1. 0. 1. 1. 0.]

Sample 2 - Original:
[2.7591558  1.722466   0.41142625 0.         0.         0.22650853
 2.4880009  3.8629472  4.694323   1.7612853 ]
Sample 2 - Reconstructed:
[1. 1. 1. 1. 1. 1. 0. 1. 1. 0.]

Sample 3 - Original:
[1.2448871  2.0531113  0.         0.         0.         0.4854268
 0.82374936 2.8399596  4.2039843  1.0426444 ]
Sample 3 - Reconstructed:
[1. 1. 1. 1. 1. 1. 0. 1. 1. 0.]

Sample 4 - Original:
[3.044394  3.1473067 0.3895668 0.        0.        0.5360529 3.0686707
 3.92505   5.1826925 2.304511 ]
Sample 4 - Reconstructed:
[1. 1. 1. 1. 1. 1. 0. 1. 1. 0.]

Sample 5 - Original:
[1.5558162  1.6182387  0.2630344  0.         0.         0.25096157
 2.4436066  2.7506065  3.6870606  1.4168397 ]
Sample 5 - Reconstructed:
[1. 1. 1. 1. 1. 1. 0. 1. 1. 0.]

Epoch [25/100]
Sample 1 - Original:
[1.3103402  3.5861642  0.09761079 0.         0.         0.41142625
 3.107688   3.5509007  3.8176231  1.8678964 ]
Sample 1 - Reconstructed:
[1. 1. 1. 1. 0. 1. 0. 1. 1. 0.]

Sample 2 - Original:
[1.6735564 3.2690332 0.2141248 0.        0.        0.5160152 1.4436066
 4.342697  6.334497  0.9927684]
Sample 2 - Reconstructed:
[1. 1. 1. 1. 0. 1. 0. 1. 1. 0.]

Sample 3 - Original:
[1.4329594  2.2600257  0.08406427 0.         0.         0.47508487
 3.9040024  3.422233   4.255501   1.5160152 ]
Sample 3 - Reconstructed:
[1. 1. 1. 1. 0. 1. 0. 1. 1. 0.]

Sample 4 - Original:
[2.0669503  3.6610656  0.2141248  0.         0.         0.22650853
 3.2883584  4.189034   4.5052557  1.9335726 ]
Sample 4 - Reconstructed:
[1. 1. 1. 1. 0. 1. 0. 1. 1. 0.]

Sample 5 - Original:
[1.570463   2.6848187  0.22650853 0.         0.         0.3561438
 2.0565836  5.3037806  4.6553516  1.8718437 ]
Sample 5 - Reconstructed:
[1. 1. 1. 1. 0. 1. 0. 1. 1. 0.]

Epoch [26/100]
Sample 1 - Original:
[3.3434079  3.3771238  0.5260688  0.         0.         0.18903382
 2.2326608  3.7344387  4.2645364  2.6553519 ]
Sample 1 - Reconstructed:
[1. 1. 1. 1. 0. 1. 0. 1. 1. 1.]

Sample 2 - Original:
[1.3161458  2.3362834  0.09761079 0.05658353 0.         0.05658353
 2.1826923  2.2986584  3.7300966  1.3161458 ]
Sample 2 - Reconstructed:
[1. 1. 1. 1. 0. 1. 0. 1. 1. 1.]

Sample 3 - Original:
[1.6369146  3.529821   0.20163386 0.         0.         0.88752526
 2.7928553  4.99458    4.434962   1.3617684 ]
Sample 3 - Reconstructed:
[1. 1. 1. 1. 0. 1. 0. 1. 1. 1.]

Sample 4 - Original:
[1.6507646  3.4724877  0.16349873 0.         0.         0.9107327
 2.596935   6.433627   5.0857644  2.1009777 ]
Sample 4 - Reconstructed:
[1. 1. 1. 1. 0. 1. 0. 1. 1. 1.]

Sample 5 - Original:
[2.114367   4.0241423  0.33342373 0.         0.         0.6690268
 2.6322682  4.5891643  6.8594728  1.1176951 ]
Sample 5 - Reconstructed:
[1. 1. 1. 1. 0. 1. 0. 1. 1. 1.]

Epoch [27/100]
Sample 1 - Original:
[1.2570106  3.385431   0.20163386 0.         0.         0.5558162
 2.7463129  5.2156787  5.093814   1.7612853 ]
Sample 1 - Reconstructed:
[1. 0. 1. 1. 0. 1. 0. 1. 1. 0.]

Sample 2 - Original:
[1.7990873  2.6553519  0.12432814 0.         0.         0.20163386
 3.561937   3.9269483  4.366672   1.9634742 ]
Sample 2 - Reconstructed:
[1. 0. 1. 1. 0. 1. 0. 1. 1. 0.]

Sample 3 - Original:
[2.8539956 3.9030383 1.9259994 0.        0.        0.5058909 4.4046307
 4.893362  5.0925455 2.495695 ]
Sample 3 - Reconstructed:
[1. 0. 1. 1. 0. 1. 0. 1. 1. 0.]

Sample 4 - Original:
[1.6553519  2.3785117  0.2141248  0.         0.         0.15055968
 1.641546   3.0496309  3.7136958  1.3504972 ]
Sample 4 - Reconstructed:
[1. 0. 1. 1. 0. 1. 0. 1. 1. 0.]

Sample 5 - Original:
[1.3729521  1.7990873  0.17632277 0.         0.         0.07038933
 1.3334237  2.0426443  2.8094144  1.1110313 ]
Sample 5 - Reconstructed:
[1. 0. 1. 1. 0. 1. 0. 1. 1. 0.]

Epoch [28/100]
Sample 1 - Original:
[1.3391374  2.711495   0.16349873 0.         0.         0.12432814
 2.4329593  2.427606   3.7257411  1.5210507 ]
Sample 1 - Reconstructed:
[1. 0. 1. 1. 0. 1. 0. 1. 1. 1.]

Sample 2 - Original:
[1.704872   2.767655   1.0356239  0.         0.         0.09761079
 2.8359241  3.3117938  3.97728    1.9634742 ]
Sample 2 - Reconstructed:
[1. 0. 1. 1. 0. 1. 0. 1. 1. 1.]

Sample 3 - Original:
[2.229588   2.7865963  0.05658353 0.         0.         1.0976108
 3.0232553  5.716168   6.048323   1.275007  ]
Sample 3 - Reconstructed:
[1. 0. 1. 1. 0. 1. 0. 1. 1. 1.]

Sample 4 - Original:
[3.3117938 1.3219281 0.3448285 0.        0.        0.        3.5753124
 3.949535  4.8614593 2.1984942]
Sample 4 - Reconstructed:
[1. 0. 1. 1. 0. 1. 0. 1. 1. 1.]

Sample 5 - Original:
[1.9448584  3.7344387  0.20163386 0.         0.         0.15055968
 2.857981   4.132577   4.7860737  1.500802  ]
Sample 5 - Reconstructed:
[1. 0. 1. 1. 0. 1. 0. 1. 1. 1.]

Epoch [29/100]
Sample 1 - Original:
[1.3895668  1.929791   0.02856915 0.         0.         0.3895668
 3.6915343  4.318317   4.8155756  2.017922  ]
Sample 1 - Reconstructed:
[1. 1. 1. 1. 0. 1. 0. 1. 1. 1.]

Sample 2 - Original:
[2.3785117  5.829596   0.23878686 0.         0.         0.23878686
 3.32337    5.0959244  4.798569   1.7907721 ]
Sample 2 - Reconstructed:
[1. 1. 1. 1. 0. 1. 0. 1. 1. 1.]

Sample 3 - Original:
[1.722466   1.4646683  1.0908535  0.         0.         0.17632277
 2.931683   2.367371   3.8298495  1.6229304 ]
Sample 3 - Reconstructed:
[1. 1. 1. 1. 0. 1. 0. 1. 1. 1.]

Sample 4 - Original:
[1.1176951  2.454176   0.08406427 0.         0.         0.5849625
 2.4568062  3.3305583  4.398487   1.3785117 ]
Sample 4 - Reconstructed:
[1. 1. 1. 1. 0. 1. 0. 1. 1. 1.]

Sample 5 - Original:
[1.3895668  2.9448586  0.5849625  0.         0.         0.05658353
 2.3161457  3.2372577  3.7333543  1.7311833 ]
Sample 5 - Reconstructed:
[1. 1. 1. 1. 0. 1. 0. 1. 1. 1.]

Epoch [30/100]
Sample 1 - Original:
[2.1505597  4.0365033  0.40053794 0.         0.         0.37851164
 1.6322682  5.1647058  6.5168033  1.3840498 ]
Sample 1 - Reconstructed:
[1. 0. 1. 1. 0. 1. 0. 1. 1. 1.]

Sample 2 - Original:
[1.9107326  4.2772408  0.2141248  0.         0.         0.20163386
 2.2234225  4.3146963  4.615887   2.117695  ]
Sample 2 - Reconstructed:
[1. 0. 1. 1. 0. 1. 0. 1. 1. 1.]

Sample 3 - Original:
[1.7311833  3.6005077  0.12432814 0.         0.         0.4329594
 3.3561437  4.130931   4.87578    1.2141248 ]
Sample 3 - Reconstructed:
[1. 0. 1. 1. 0. 1. 0. 1. 1. 1.]

Sample 4 - Original:
[1.3729521  3.4382927  0.08406427 0.         0.         0.78240854
 2.6322682  5.5453506  5.1723275  2.130931  ]
Sample 4 - Reconstructed:
[1. 0. 1. 1. 0. 1. 0. 1. 1. 1.]

Sample 5 - Original:
[1.3895668  2.4329593  0.11103131 0.         0.         0.17632277
 1.9597702  2.577731   3.4969735  1.0565835 ]
Sample 5 - Reconstructed:
[1. 0. 1. 1. 0. 1. 0. 1. 1. 1.]

Epoch [31/100]
Sample 1 - Original:
[3.051372  1.3161458 0.6780719 0.        0.        0.5360529 5.005849
 3.9049656 4.7333546 2.577731 ]
Sample 1 - Reconstructed:
[1. 1. 1. 1. 0. 1. 0. 1. 1. 1.]

Sample 2 - Original:
[1.4436066 2.8894734 0.3103401 0.        0.        0.9259994 3.077243
 5.577429  5.5468946 1.3391374]
Sample 2 - Reconstructed:
[1. 1. 1. 1. 0. 1. 0. 1. 1. 1.]

Sample 3 - Original:
[1.7612853  2.8836207  0.5058909  0.         0.         0.17632277
 2.3132458  3.0686707  4.1906147  1.7527486 ]
Sample 3 - Reconstructed:
[1. 1. 1. 1. 0. 1. 0. 1. 1. 1.]

Sample 4 - Original:
[2.0214798  2.9202933  0.08406427 0.         0.         0.6870607
 2.2539892  6.152386   4.9183865  2.169925  ]
Sample 4 - Reconstructed:
[1. 1. 1. 1. 0. 1. 0. 1. 1. 1.]

Sample 5 - Original:
[2.0565836  3.9855003  0.05658353 0.         0.         0.2630344
 2.929791   4.410748   4.5963387  2.2047668 ]
Sample 5 - Reconstructed:
[1. 1. 1. 1. 0. 1. 0. 1. 1. 1.]

Epoch [32/100]
Sample 1 - Original:
[2.427606   3.7803102  0.27500704 0.         0.         0.32192808
 3.2047668  4.1858664  4.50716    1.9411063 ]
Sample 1 - Reconstructed:
[1. 1. 1. 1. 0. 1. 1. 1. 1. 0.]

Sample 2 - Original:
[1.4594316  1.536053   0.         0.         0.         0.04264434
 2.7441611  1.8797058  3.8011587  1.2078929 ]
Sample 2 - Reconstructed:
[1. 1. 1. 1. 0. 1. 1. 1. 1. 0.]

Sample 3 - Original:
[1.5801455  1.3045111  0.         0.         0.         0.08406427
 2.5753124  1.9448584  3.0071955  1.5260688 ]
Sample 3 - Reconstructed:
[1. 1. 1. 1. 0. 1. 1. 1. 1. 0.]

Sample 4 - Original:
[2.017922   3.8539956  0.09761079 0.         0.         0.08406427
 2.9541962  4.1407785  4.5698557  1.8559897 ]
Sample 4 - Reconstructed:
[1. 1. 1. 1. 0. 1. 1. 1. 1. 0.]

Sample 5 - Original:
[1.7697717  3.7495344  0.         0.         0.         0.20163386
 1.6182387  3.8499992  4.6328497  1.9745293 ]
Sample 5 - Reconstructed:
[1. 1. 1. 1. 0. 1. 1. 1. 1. 0.]

Epoch [33/100]
Sample 1 - Original:
[1.7907721 3.3291235 0.3561438 0.        0.        0.3103401 3.5521312
 3.8933623 3.7333543 1.7180876]
Sample 1 - Reconstructed:
[1. 0. 1. 1. 0. 1. 0. 1. 1. 1.]

Sample 2 - Original:
[1.6507646  3.4737868  0.2141248  0.         0.         0.46466827
 2.9653225  4.332708   4.3785114  1.6276069 ]
Sample 2 - Reconstructed:
[1. 0. 1. 1. 0. 1. 0. 1. 1. 1.]

Sample 3 - Original:
[2.451541   4.424922   0.05658353 0.         0.         0.5160152
 1.7136958  5.28281    6.532161   0.83995956]
Sample 3 - Reconstructed:
[1. 0. 1. 1. 0. 1. 0. 1. 1. 1.]

Sample 4 - Original:
[1.8639385  3.8247678  0.44360664 0.         0.         0.05658353
 2.4059923  4.4796185  4.261531   2.1826923 ]
Sample 4 - Reconstructed:
[1. 0. 1. 1. 0. 1. 0. 1. 1. 1.]

Sample 5 - Original:
[2.3015876  3.6587827  0.13750352 0.         0.         0.23878686
 3.3490822  4.1424136  4.15056    2.3362834 ]
Sample 5 - Reconstructed:
[1. 0. 1. 1. 0. 1. 0. 1. 1. 1.]

Epoch [34/100]
Sample 1 - Original:
[2.5385382 3.7634115 0.        0.        0.        0.4541759 2.1110313
 4.7382274 6.6213193 1.2326608]
Sample 1 - Reconstructed:
[1. 1. 1. 1. 0. 1. 0. 1. 1. 0.]

Sample 2 - Original:
[2.6252706  6.7079115  0.3561438  0.         0.         0.27500704
 3.5885646  5.8666606  5.7865963  1.9145645 ]
Sample 2 - Reconstructed:
[1. 1. 1. 1. 0. 1. 0. 1. 1. 0.]

Sample 3 - Original:
[1.6276069 2.7865963 0.2141248 0.        0.        0.2141248 2.1505597
 3.386811  3.963474  2.207893 ]
Sample 3 - Reconstructed:
[1. 1. 1. 1. 0. 1. 0. 1. 1. 0.]

Sample 4 - Original:
[1.5410192 2.807355  0.6040713 0.        0.        0.4329594 3.0789514
 3.582556  4.363872  1.5801455]
Sample 4 - Reconstructed:
[1. 1. 1. 1. 0. 1. 0. 1. 1. 0.]

Sample 5 - Original:
[1.505891   3.1521835  0.7136958  0.         0.         0.18903382
 2.419539   3.1193562  4.0669503  1.7136958 ]
Sample 5 - Reconstructed:
[1. 1. 1. 1. 0. 1. 0. 1. 1. 0.]

Epoch [35/100]
Sample 1 - Original:
[1.1505597  2.8777442  0.09761079 0.         0.         0.9927684
 2.5285714  5.0263577  4.400538   1.6690267 ]
Sample 1 - Reconstructed:
[1. 1. 1. 1. 0. 1. 0. 1. 1. 1.]

Sample 2 - Original:
[2.3589587  5.7928553  0.77399635 0.         0.         0.2986583
 3.5897634  4.4482403  5.107688   1.7527486 ]
Sample 2 - Reconstructed:
[1. 1. 1. 1. 0. 1. 0. 1. 1. 1.]

Sample 3 - Original:
[2.0531113 1.7004397 2.214125  0.        0.        0.4541759 2.4382927
 3.6170633 4.2712765 2.207893 ]
Sample 3 - Reconstructed:
[1. 1. 1. 1. 0. 1. 0. 1. 1. 1.]

Sample 4 - Original:
[1.6135317  3.2971914  0.3895668  0.         0.         0.09761079
 2.3645725  3.6814492  4.15056    1.8399596 ]
Sample 4 - Reconstructed:
[1. 1. 1. 1. 0. 1. 0. 1. 1. 1.]

Sample 5 - Original:
[1.5801455  2.8777442  0.04264434 0.         0.         0.5160152
 2.9836776  4.8806853  4.9832215  1.7311833 ]
Sample 5 - Reconstructed:
[1. 1. 1. 1. 0. 1. 0. 1. 1. 1.]

Epoch [36/100]
Sample 1 - Original:
[0.83995956 1.6915342  0.17632277 0.         0.         0.13750352
 1.2016338  2.5134907  3.357552   0.46466827]
Sample 1 - Reconstructed:
[1. 0. 1. 1. 0. 1. 0. 1. 1. 1.]

Sample 2 - Original:
[2.0107799  1.7441611  0.18903382 0.         0.         0.25096157
 2.790772   3.2494454  3.9972925  1.827819  ]
Sample 2 - Reconstructed:
[1. 0. 1. 1. 0. 1. 0. 1. 1. 1.]

Sample 3 - Original:
[2.427606   4.0703893  0.40053794 0.         0.         0.12432814
 2.4382927  4.093391   4.3596616  2.3391373 ]
Sample 3 - Reconstructed:
[1. 0. 1. 1. 0. 1. 0. 1. 1. 1.]

Sample 4 - Original:
[1.7907721  3.1009777  0.40053794 0.         0.         0.5849625
 2.0703893  5.685099   4.429616   2.0214798 ]
Sample 4 - Reconstructed:
[1. 0. 1. 1. 0. 1. 0. 1. 1. 1.]

Sample 5 - Original:
[2.1763227  4.400538   0.2141248  0.         0.         0.69599384
 1.9107326  4.8594728  7.1179028  1.0214797 ]
Sample 5 - Reconstructed:
[1. 0. 1. 1. 0. 1. 0. 1. 1. 1.]

Epoch [37/100]
Sample 1 - Original:
[2.5459683  4.227279   0.5260688  0.         0.         0.18903382
 3.1505597  5.030336   4.7511425  1.8318772 ]
Sample 1 - Reconstructed:
[1. 0. 1. 1. 0. 1. 0. 1. 1. 1.]

Sample 2 - Original:
[1.1309309  2.2986584  0.         0.         0.         0.25096157
 1.0908535  2.9781957  4.662775   0.86393845]
Sample 2 - Reconstructed:
[1. 0. 1. 1. 0. 1. 0. 1. 1. 1.]

Sample 3 - Original:
[2.077243   3.032101   0.3448285  0.         0.         0.44360664
 3.582556   5.54782    4.123501   2.214125  ]
Sample 3 - Reconstructed:
[1. 0. 1. 1. 0. 1. 0. 1. 1. 1.]

Sample 4 - Original:
[2.4168398  2.3391373  0.         0.05658353 0.         0.32192808
 3.4409523  3.498251   4.3015876  1.6959938 ]
Sample 4 - Reconstructed:
[1. 0. 1. 1. 0. 1. 0. 1. 1. 1.]

Sample 5 - Original:
[1.1110313  3.1127002  0.5360529  0.         0.07038933 0.4541759
 2.8539956  3.9467309  4.503349   1.5655972 ]
Sample 5 - Reconstructed:
[1. 0. 1. 1. 0. 1. 0. 1. 1. 1.]

Epoch [38/100]
Sample 1 - Original:
[2.5897634  4.3146963  0.5160152  0.         0.         0.15055968
 3.2555008  4.687061   4.953265   1.8073549 ]
Sample 1 - Reconstructed:
[1. 1. 1. 1. 0. 1. 0. 1. 1. 1.]

Sample 2 - Original:
[1.9597702 2.6205864 0.5260688 0.        0.        0.5849625 2.8379433
 4.921246  4.7175393 1.7355222]
Sample 2 - Reconstructed:
[1. 1. 1. 1. 0. 1. 0. 1. 1. 1.]

Sample 3 - Original:
[2.1473067  5.1501536  0.         0.         0.         0.44360664
 2.4168398  5.072106   6.563158   1.5655972 ]
Sample 3 - Reconstructed:
[1. 1. 1. 1. 0. 1. 0. 1. 1. 1.]

Sample 4 - Original:
[3.1473067  2.6690269  0.23878686 0.         0.         0.5360529
 5.007644   3.7473874  4.6467385  1.7697717 ]
Sample 4 - Reconstructed:
[1. 1. 1. 1. 0. 1. 0. 1. 1. 1.]

Sample 5 - Original:
[0.9634741  2.6667566  0.         0.         0.         0.13750352
 2.419539   3.082362   3.4802651  1.169925  ]
Sample 5 - Reconstructed:
[1. 1. 1. 1. 0. 1. 0. 1. 1. 1.]

Epoch [39/100]
Sample 1 - Original:
[2.386811   4.1546154  0.2630344  0.         0.         0.33342373
 3.0583165  4.4950557  5.101818   1.9927684 ]
Sample 1 - Reconstructed:
[1. 1. 1. 1. 0. 1. 0. 1. 1. 1.]

Sample 2 - Original:
[3.3950627 1.1890339 1.1176951 0.        0.        0.2986583 4.612942
 4.0806575 5.618532  2.6461627]
Sample 2 - Reconstructed:
[1. 1. 1. 1. 0. 1. 0. 1. 1. 1.]

Sample 3 - Original:
[1.7570232  3.0755327  0.13750352 0.         0.         0.12432814
 2.4568062  2.5410192  3.2630343  1.454176  ]
Sample 3 - Reconstructed:
[1. 1. 1. 1. 0. 1. 0. 1. 1. 1.]

Sample 4 - Original:
[1.4329594  2.8894734  0.18903382 0.         0.         0.47508487
 2.9523335  4.808385   4.701549   1.835924  ]
Sample 4 - Reconstructed:
[1. 1. 1. 1. 0. 1. 0. 1. 1. 1.]

Sample 5 - Original:
[1.9781957  2.6553519  0.41142625 0.         0.         0.4854268
 3.0583165  5.5141225  4.7120457  1.9448584 ]
Sample 5 - Reconstructed:
[1. 1. 1. 1. 0. 1. 0. 1. 1. 1.]

Epoch [40/100]
Sample 1 - Original:
[1.1826923  2.0107799  0.2141248  0.         0.         0.36737105
 1.3448285  3.082362   4.637494   0.8155754 ]
Sample 1 - Reconstructed:
[1. 1. 1. 1. 0. 1. 0. 1. 1. 0.]

Sample 2 - Original:
[1.7739964  3.7452374  0.08406427 0.         0.         0.8559897
 1.7527486  4.5601034  7.272303   1.1043366 ]
Sample 2 - Reconstructed:
[1. 1. 1. 1. 0. 1. 0. 1. 1. 0.]

Sample 3 - Original:
[2.0071955  3.6836965  0.09761079 0.         0.         0.17632277
 2.8933623  4.0205913  4.3540287  1.8797058 ]
Sample 3 - Reconstructed:
[1. 1. 1. 1. 0. 1. 0. 1. 1. 0.]

Sample 4 - Original:
[1.6825733  3.3319917  0.         0.         0.         0.61353165
 2.6690269  4.6987743  7.033423   1.0285691 ]
Sample 4 - Reconstructed:
[1. 1. 1. 1. 0. 1. 0. 1. 1. 0.]

Sample 5 - Original:
[1.1505597  1.5993178  0.04264434 0.         0.         0.22650853
 1.811471   1.8757801  3.0942361  1.3561438 ]
Sample 5 - Reconstructed:
[1. 1. 1. 1. 0. 1. 0. 1. 1. 0.]

Epoch [41/100]
Sample 1 - Original:
[2.4382927  0.61353165 0.2986583  0.         0.         0.37851164
 3.2341948  3.3826673  4.31252    1.6182387 ]
Sample 1 - Reconstructed:
[1. 1. 1. 1. 0. 1. 0. 1. 1. 1.]

Sample 2 - Original:
[2.0496309 2.6599245 0.3895668 0.        0.        0.5945485 2.8379433
 4.2008495 6.062208  1.0426444]
Sample 2 - Reconstructed:
[1. 1. 1. 1. 0. 1. 0. 1. 1. 1.]

Sample 3 - Original:
[1.8155755 3.2779849 0.3561438 0.        0.        0.2141248 4.6229305
 3.2172308 4.1026583 2.1570437]
Sample 3 - Reconstructed:
[1. 1. 1. 1. 0. 1. 0. 1. 1. 1.]

Sample 4 - Original:
[2.0600474  2.9392266  0.12432814 0.         0.         0.65992457
 2.6252706  5.5759172  5.356144   1.9634742 ]
Sample 4 - Reconstructed:
[1. 1. 1. 1. 0. 1. 0. 1. 1. 1.]

Sample 5 - Original:
[1.8678964  3.0143552  0.87184364 0.         0.         1.0565835
 3.2110121  5.080231   5.2596493  1.7311833 ]
Sample 5 - Reconstructed:
[1. 1. 1. 1. 0. 1. 0. 1. 1. 1.]

Epoch [42/100]
Sample 1 - Original:
[1.3895668  2.4329593  0.11103131 0.         0.         0.17632277
 1.9597702  2.577731   3.4969735  1.0565835 ]
Sample 1 - Reconstructed:
[1. 1. 1. 1. 1. 1. 0. 1. 1. 1.]

Sample 2 - Original:
[1.6644828  1.6644828  0.05658353 0.         0.         0.28688115
 3.9068906  2.8894734  3.8083851  0.93357265]
Sample 2 - Reconstructed:
[1. 1. 1. 1. 1. 1. 0. 1. 1. 1.]

Sample 3 - Original:
[1.536053   3.568032   0.20163386 0.         0.         0.3561438
 3.3771238  5.6395216  4.8639383  2.0496309 ]
Sample 3 - Reconstructed:
[1. 1. 1. 1. 1. 1. 0. 1. 1. 1.]

Sample 4 - Original:
[2.5801456 3.811471  0.5558162 0.        0.        0.2141248 2.9411063
 3.9241    4.9841337 2.0565836]
Sample 4 - Reconstructed:
[1. 1. 1. 1. 1. 1. 0. 1. 1. 1.]

Sample 5 - Original:
[1.4905702  3.3334239  0.6040713  0.         0.         0.28688115
 4.332708   3.882643   4.227279   1.5459684 ]
Sample 5 - Reconstructed:
[1. 1. 1. 1. 1. 1. 0. 1. 1. 1.]

Epoch [43/100]
Sample 1 - Original:
[1.8519988 4.050502  0.        0.        0.        0.5655972 1.2868811
 4.7489977 7.046251  1.0496308]
Sample 1 - Reconstructed:
[1. 0. 1. 1. 0. 1. 0. 1. 1. 1.]

Sample 2 - Original:
[1.1634988  2.6644828  0.07038933 0.         0.         0.27500704
 1.5210507  4.434962   4.1464925  1.4382929 ]
Sample 2 - Reconstructed:
[1. 0. 1. 1. 0. 1. 0. 1. 1. 1.]

Sample 3 - Original:
[2.397803   2.7634115  0.17632277 0.         0.         1.1176951
 2.689299   6.4558206  5.7766304  1.4168397 ]
Sample 3 - Reconstructed:
[1. 0. 1. 1. 0. 1. 0. 1. 1. 1.]

Sample 4 - Original:
[2.8894734 2.6937656 0.6870607 0.        0.        0.6507646 2.5185351
 6.537141  4.674122  1.8439839]
Sample 4 - Reconstructed:
[1. 0. 1. 1. 0. 1. 0. 1. 1. 1.]

Sample 5 - Original:
[1.8953027  0.54596835 0.         0.         0.         0.18903382
 3.3015876  2.4828482  3.0686707  1.4436066 ]
Sample 5 - Reconstructed:
[1. 0. 1. 1. 0. 1. 0. 1. 1. 1.]

Epoch [44/100]
Sample 1 - Original:
[2.035624   2.8777442  0.3103401  0.         0.         0.49569517
 1.8914192  5.4046307  4.6117625  1.8875253 ]
Sample 1 - Reconstructed:
[1. 1. 1. 0. 0. 1. 1. 1. 1. 0.]

Sample 2 - Original:
[2.035624   3.1009777  0.5160152  0.         0.         0.13750352
 4.1626935  3.6836965  4.355439   1.9671686 ]
Sample 2 - Reconstructed:
[1. 1. 1. 0. 0. 1. 1. 1. 1. 0.]

Sample 3 - Original:
[0.83187723 0.7136958  0.02856915 0.         0.         0.27500704
 1.6915342  1.5459684  2.6937656  0.8073549 ]
Sample 3 - Reconstructed:
[1. 1. 1. 0. 0. 1. 1. 1. 1. 0.]

Sample 4 - Original:
[1.2809563  2.1505597  0.40053794 0.         0.         0.27500704
 1.0635029  2.827819   3.8186462  1.1890339 ]
Sample 4 - Reconstructed:
[1. 1. 1. 0. 0. 1. 1. 1. 1. 0.]

Sample 5 - Original:
[2.729009   1.22033    0.         0.         0.         0.09761079
 3.308885   3.179511   4.0959244  1.7570232 ]
Sample 5 - Reconstructed:
[1. 1. 1. 0. 0. 1. 1. 1. 1. 0.]

Epoch [45/100]
Sample 1 - Original:
[2.2418401  3.6461627  0.3448285  0.         0.         0.15055968
 2.7591558  4.0565834  4.4776773  1.7527486 ]
Sample 1 - Reconstructed:
[1. 1. 1. 0. 0. 1. 0. 1. 1. 1.]

Sample 2 - Original:
[2.711495   4.5891643  0.6507646  0.         0.         0.40053794
 2.1858666  5.56864    6.3439407  0.7990873 ]
Sample 2 - Reconstructed:
[1. 1. 1. 0. 0. 1. 0. 1. 1. 1.]

Sample 3 - Original:
[2.304511   2.5385382  0.5655972  0.         0.         0.18903382
 4.131754   3.7279205  4.521679   1.7907721 ]
Sample 3 - Reconstructed:
[1. 1. 1. 0. 0. 1. 0. 1. 1. 1.]

Sample 4 - Original:
[1.1375035  2.929791   0.09761079 0.         0.         0.73118323
 3.6915343  4.19928    4.631686   1.6870607 ]
Sample 4 - Reconstructed:
[1. 1. 1. 0. 0. 1. 0. 1. 1. 1.]

Sample 5 - Original:
[2.1634986  2.3248105  1.454176   0.         0.         0.16349873
 3.2509615  2.8738132  4.268285   1.8399596 ]
Sample 5 - Reconstructed:
[1. 1. 1. 0. 0. 1. 0. 1. 1. 1.]

Epoch [46/100]
Sample 1 - Original:
[2.2809563 3.1193562 1.6182387 0.        0.        0.3103401 2.592158
 4.561937  4.3659725 2.0565836]
Sample 1 - Reconstructed:
[1. 0. 1. 0. 0. 1. 0. 1. 1. 1.]

Sample 2 - Original:
[3.2971914  1.8836209  0.5849625  0.         0.         0.17632277
 3.8237493  4.131754   4.8723364  2.1440463 ]
Sample 2 - Reconstructed:
[1. 0. 1. 0. 0. 1. 0. 1. 1. 1.]

Sample 3 - Original:
[2.117695   3.4607425  0.40053794 0.         0.         0.07038933
 3.019702   3.8569858  4.308885   1.811471  ]
Sample 3 - Reconstructed:
[1. 0. 1. 0. 0. 1. 0. 1. 1. 1.]

Sample 4 - Original:
[2.0461419  2.8619554  0.04264434 0.         0.         0.01435529
 1.5558162  3.0408924  3.3276873  1.9030383 ]
Sample 4 - Reconstructed:
[1. 0. 1. 0. 0. 1. 0. 1. 1. 1.]

Sample 5 - Original:
[1.9068906  0.65992457 0.16349873 0.         0.         0.02856915
 3.5837598  2.4114263  3.2234225  1.3448285 ]
Sample 5 - Reconstructed:
[1. 0. 1. 0. 0. 1. 0. 1. 1. 1.]

Epoch [47/100]
Sample 1 - Original:
[1.4329594 4.0426445 0.3561438 0.        0.        0.5160152 2.235727
 4.6735563 7.0160284 1.0356239]
Sample 1 - Reconstructed:
[1. 0. 1. 1. 0. 1. 0. 1. 1. 0.]

Sample 2 - Original:
[1.3448285  2.803227   0.09761079 0.         0.         0.5558162
 2.784504   5.6235156  5.5441146  1.5558162 ]
Sample 2 - Reconstructed:
[1. 0. 1. 1. 0. 1. 0. 1. 1. 0.]

Sample 3 - Original:
[1.077243   3.0391383  0.11103131 0.         0.         0.23878686
 1.8599695  3.5033488  3.82171    1.7655348 ]
Sample 3 - Reconstructed:
[1. 0. 1. 1. 0. 1. 0. 1. 1. 0.]

Sample 4 - Original:
[1.8318772  2.82171    0.17632277 0.         0.         0.4329594
 1.9221978  4.47703    4.574707   1.7484612 ]
Sample 4 - Reconstructed:
[1. 0. 1. 1. 0. 1. 0. 1. 1. 0.]

Sample 5 - Original:
[1.1505597  3.4059923  0.02856915 0.         0.         0.5360529
 1.989139   5.5344973  5.211791   2.1763227 ]
Sample 5 - Reconstructed:
[1. 0. 1. 1. 0. 1. 0. 1. 1. 0.]

Epoch [48/100]
Sample 1 - Original:
[1.8639385  3.2868812  0.12432814 0.         0.         0.3895668
 1.6276069  4.218781   6.225545   0.95605665]
Sample 1 - Reconstructed:
[1. 0. 1. 1. 0. 1. 0. 1. 1. 1.]

Sample 2 - Original:
[2.266037   3.2824397  0.09761079 0.         0.         0.2141248
 2.4776773  4.1898246  3.502076   0.9183862 ]
Sample 2 - Reconstructed:
[1. 0. 1. 1. 0. 1. 0. 1. 1. 1.]

Sample 3 - Original:
[1.6735564 3.8186462 0.5058909 0.        0.        0.2986583 3.1890337
 4.8683906 4.2920456 1.6276069]
Sample 3 - Reconstructed:
[1. 0. 1. 1. 0. 1. 0. 1. 1. 1.]

Sample 4 - Original:
[1.6644828  0.95605665 0.01435529 0.         0.         0.18903382
 0.5945485  4.133399   4.9283705  1.1243281 ]
Sample 4 - Reconstructed:
[1. 0. 1. 1. 0. 1. 0. 1. 1. 1.]

Sample 5 - Original:
[1.3504972  3.44228    0.02856915 0.         0.         0.18903382
 3.7949357  4.051372   4.0840645  1.6644828 ]
Sample 5 - Reconstructed:
[1. 0. 1. 1. 0. 1. 0. 1. 1. 1.]

Epoch [49/100]
Sample 1 - Original:
[1.9781957  2.0036023  0.41142625 0.         0.         0.2630344
 2.0669503  2.9671686  4.07382    1.4750849 ]
Sample 1 - Reconstructed:
[1. 0. 1. 1. 0. 1. 0. 1. 1. 0.]

Sample 2 - Original:
[2.498251   3.882643   0.20163386 0.         0.         0.32192808
 4.315421   5.0652275  4.573496   2.0285692 ]
Sample 2 - Reconstructed:
[1. 0. 1. 1. 0. 1. 0. 1. 1. 0.]

Sample 3 - Original:
[2.2418401  3.6461627  0.3448285  0.         0.         0.15055968
 2.7591558  4.0565834  4.4776773  1.7527486 ]
Sample 3 - Reconstructed:
[1. 0. 1. 1. 0. 1. 0. 1. 1. 0.]

Sample 4 - Original:
[2.1890337  2.7376869  0.09761079 0.         0.         0.33342373
 3.2524762  4.49057    3.9523335  1.9373444 ]
Sample 4 - Reconstructed:
[1. 0. 1. 1. 0. 1. 0. 1. 1. 0.]

Sample 5 - Original:
[1.2448871  2.0531113  0.         0.         0.         0.4854268
 0.82374936 2.8399596  4.2039843  1.0426444 ]
Sample 5 - Reconstructed:
[1. 0. 1. 1. 0. 1. 0. 1. 1. 0.]

Epoch [50/100]
Sample 1 - Original:
[2.5084286  4.31034    0.37851164 0.         0.         0.16349873
 2.8797057  4.8298497  4.946263   2.1953475 ]
Sample 1 - Reconstructed:
[1. 1. 1. 1. 0. 1. 0. 1. 1. 0.]

Sample 2 - Original:
[2.3015876 3.9429836 1.454176  0.        0.        0.3448285 3.3743439
 3.9202933 4.5273204 1.8639385]
Sample 2 - Reconstructed:
[1. 1. 1. 1. 0. 1. 0. 1. 1. 0.]

Sample 3 - Original:
[4.0259147  2.963474   0.72246605 0.         0.         1.7355222
 3.1210153  4.3964334  5.035624   1.9448584 ]
Sample 3 - Reconstructed:
[1. 1. 1. 1. 0. 1. 0. 1. 1. 0.]

Sample 4 - Original:
[1.8678964  2.7026575  0.33342373 0.         0.         0.9411063
 3.4059923  6.1626935  5.5238757  2.0942361 ]
Sample 4 - Reconstructed:
[1. 1. 1. 1. 0. 1. 0. 1. 1. 0.]

Sample 5 - Original:
[1.3617684  2.9836776  0.         0.         0.         0.88752526
 2.1826923  5.552746   5.1139503  1.7865964 ]
Sample 5 - Reconstructed:
[1. 1. 1. 1. 0. 1. 0. 1. 1. 0.]

Epoch [51/100]
Sample 1 - Original:
[2.3248105  3.2630343  0.13750352 0.         0.         0.44360664
 2.565597   3.419539   4.192194   1.722466  ]
Sample 1 - Reconstructed:
[1. 0. 1. 1. 1. 1. 0. 1. 1. 0.]

Sample 2 - Original:
[1.1570437  3.0107799  0.37851164 0.         0.         0.72246605
 2.6299393  5.6138263  5.015248   1.6599245 ]
Sample 2 - Reconstructed:
[1. 0. 1. 1. 1. 1. 0. 1. 1. 0.]

Sample 3 - Original:
[2.1731274  2.9523335  0.17632277 0.         0.         0.11103131
 2.3785117  2.9259994  4.574707   1.9259994 ]
Sample 3 - Reconstructed:
[1. 0. 1. 1. 1. 1. 0. 1. 1. 0.]

Sample 4 - Original:
[1.3045111  1.6088092  0.15055968 0.         0.         0.08406427
 1.6870607  2.1375036  3.6622055  1.3673711 ]
Sample 4 - Reconstructed:
[1. 0. 1. 1. 1. 1. 0. 1. 1. 0.]

Sample 5 - Original:
[1.847997  3.1456776 0.3561438 0.        0.        1.0703893 3.6564963
 5.3251705 5.57107   1.7092906]
Sample 5 - Reconstructed:
[1. 0. 1. 1. 1. 1. 0. 1. 1. 0.]

Epoch [52/100]
Sample 1 - Original:
[2.2418401  2.4594316  0.13750352 0.         0.         0.47508487
 0.6322682  4.926474   6.2600255  1.0071955 ]
Sample 1 - Reconstructed:
[1. 0. 1. 1. 0. 1. 0. 1. 1. 1.]

Sample 2 - Original:
[1.811471   2.65764    0.2986583  0.         0.         0.01435529
 1.8196682  2.4329593  3.4685833  1.500802  ]
Sample 2 - Reconstructed:
[1. 0. 1. 1. 0. 1. 0. 1. 1. 1.]

Sample 3 - Original:
[2.1473067  5.1501536  0.         0.         0.         0.44360664
 2.4168398  5.072106   6.563158   1.5655972 ]
Sample 3 - Reconstructed:
[1. 0. 1. 1. 0. 1. 0. 1. 1. 1.]

Sample 4 - Original:
[1.0840642 3.0840642 0.2986583 0.        0.        0.8073549 2.3701644
 5.6058497 5.0094366 1.7782086]
Sample 4 - Reconstructed:
[1. 0. 1. 1. 0. 1. 0. 1. 1. 1.]

Sample 5 - Original:
[3.6814492 3.2172308 1.1505597 0.3103401 0.        1.4594316 4.9448586
 4.989139  6.47978   1.5655972]
Sample 5 - Reconstructed:
[1. 0. 1. 1. 0. 1. 0. 1. 1. 1.]

Epoch [53/100]
Sample 1 - Original:
[1.3448285  1.8718437  0.         0.         0.         0.07038933
 2.1602747  1.9745293  3.38405    1.1440464 ]
Sample 1 - Reconstructed:
[1. 0. 1. 1. 0. 1. 0. 1. 1. 1.]

Sample 2 - Original:
[2.3504972 2.2570107 0.        0.        0.        0.6322682 1.3950628
 4.985045  6.4505515 1.7180876]
Sample 2 - Reconstructed:
[1. 0. 1. 1. 0. 1. 0. 1. 1. 1.]

Sample 3 - Original:
[0.9183862  3.1342208  0.16349873 0.         0.         0.5753123
 2.811471   4.0849147  4.5582676  1.4382929 ]
Sample 3 - Reconstructed:
[1. 0. 1. 1. 0. 1. 0. 1. 1. 1.]

Sample 4 - Original:
[1.7527486  2.5801456  0.23878686 0.         0.         0.6780719
 2.7886858  5.425929   5.3670216  1.5849625 ]
Sample 4 - Reconstructed:
[1. 0. 1. 1. 0. 1. 0. 1. 1. 1.]

Sample 5 - Original:
[1.1440464  1.1309309  0.05658353 0.         0.         0.44360664
 1.9745293  3.3687685  4.6848187  0.8073549 ]
Sample 5 - Reconstructed:
[1. 0. 1. 1. 0. 1. 0. 1. 1. 1.]

Epoch [54/100]
Sample 1 - Original:
[1.1243281  2.8698714  0.18903382 0.         0.         0.4854268
 2.49057    4.3204846  4.595742   1.7398481 ]
Sample 1 - Reconstructed:
[1. 1. 1. 1. 0. 1. 0. 1. 1. 1.]

Sample 2 - Original:
[2.596935   2.114367   0.61353165 0.         0.         0.09761079
 3.3074286  3.5533605  4.751678   0.83995956]
Sample 2 - Reconstructed:
[1. 1. 1. 1. 0. 1. 0. 1. 1. 1.]

Sample 3 - Original:
[1.7136958  1.7004397  0.12432814 0.         0.         0.27500704
 2.7441611  3.2509615  4.75809    0.95605665]
Sample 3 - Reconstructed:
[1. 1. 1. 1. 0. 1. 0. 1. 1. 1.]

Sample 4 - Original:
[1.9448584 3.9040024 0.6507646 0.        0.        1.3729521 3.3362834
 5.192589  4.441616  1.8519988]
Sample 4 - Reconstructed:
[1. 1. 1. 1. 0. 1. 0. 1. 1. 1.]

Sample 5 - Original:
[3.5741014  2.114367   0.04264434 0.         0.         0.83995956
 4.3448286  4.8409667  4.864434   2.408712  ]
Sample 5 - Reconstructed:
[1. 1. 1. 1. 0. 1. 0. 1. 1. 1.]

Epoch [55/100]
Sample 1 - Original:
[3.3117938 1.3219281 0.3448285 0.        0.        0.        3.5753124
 3.949535  4.8614593 2.1984942]
Sample 1 - Reconstructed:
[1. 1. 1. 1. 0. 1. 0. 1. 1. 1.]

Sample 2 - Original:
[2.1009777  1.077243   0.2986583  0.         0.         0.42223302
 3.870858   3.0089889  4.105175   1.5160152 ]
Sample 2 - Reconstructed:
[1. 1. 1. 1. 0. 1. 0. 1. 1. 1.]

Sample 3 - Original:
[1.1110313  3.1127002  0.5360529  0.         0.07038933 0.4541759
 2.8539956  3.9467309  4.503349   1.5655972 ]
Sample 3 - Reconstructed:
[1. 1. 1. 1. 0. 1. 0. 1. 1. 1.]

Sample 4 - Original:
[1.2690332  3.2047668  0.3448285  0.         0.         0.01435529
 1.8559897  3.1521835  3.495695   1.422233  ]
Sample 4 - Reconstructed:
[1. 1. 1. 1. 0. 1. 0. 1. 1. 1.]

Sample 5 - Original:
[1.4646683  3.7750506  0.         0.         0.         0.49569517
 1.9745293  5.235727   4.3812833  1.5310695 ]
Sample 5 - Reconstructed:
[1. 1. 1. 1. 0. 1. 0. 1. 1. 1.]

Epoch [56/100]
Sample 1 - Original:
[2.0908535  2.4462562  0.18903382 0.         0.         0.11103131
 1.5310695  3.0652275  4.130931   1.2927817 ]
Sample 1 - Reconstructed:
[1. 0. 1. 1. 0. 1. 0. 1. 1. 0.]

Sample 2 - Original:
[2.9671686  1.2690332  0.28688115 0.         0.         0.11103131
 4.1110315  3.6276069  4.424922   2.3074286 ]
Sample 2 - Reconstructed:
[1. 0. 1. 1. 0. 1. 0. 1. 1. 0.]

Sample 3 - Original:
[1.1953475  2.9927685  0.42223302 0.         0.         0.5058909
 2.565597   5.370513   4.8504996  1.5753124 ]
Sample 3 - Reconstructed:
[1. 0. 1. 1. 0. 1. 0. 1. 1. 0.]

Sample 4 - Original:
[1.9183862  3.8629472  0.13750352 0.         0.         0.5360529
 1.8991756  4.533563   6.745372   1.2265085 ]
Sample 4 - Reconstructed:
[1. 0. 1. 1. 0. 1. 0. 1. 1. 0.]

Sample 5 - Original:
[1.9335726  3.7279205  0.15055968 0.         0.         0.4541759
 2.1505597  5.19101    6.207893   1.1243281 ]
Sample 5 - Reconstructed:
[1. 0. 1. 1. 0. 1. 0. 1. 1. 0.]

Epoch [57/100]
Sample 1 - Original:
[1.3448285  2.0669503  0.6870607  0.         0.         0.28688115
 2.9781957  3.923149   5.245648   1.704872  ]
Sample 1 - Reconstructed:
[1. 1. 1. 1. 0. 1. 0. 1. 1. 1.]

Sample 2 - Original:
[2.0461419  2.8619554  0.04264434 0.         0.         0.01435529
 1.5558162  3.0408924  3.3276873  1.9030383 ]
Sample 2 - Reconstructed:
[1. 1. 1. 1. 0. 1. 0. 1. 1. 1.]

Sample 3 - Original:
[1.6507646  3.4737868  0.2141248  0.         0.         0.46466827
 2.9653225  4.332708   4.3785114  1.6276069 ]
Sample 3 - Reconstructed:
[1. 1. 1. 1. 0. 1. 0. 1. 1. 1.]

Sample 4 - Original:
[2.9202933  2.427606   0.04264434 0.         0.         0.28688115
 4.5909615  3.8135247  4.8664136  2.1826923 ]
Sample 4 - Reconstructed:
[1. 1. 1. 1. 0. 1. 0. 1. 1. 1.]

Sample 5 - Original:
[1.5310695  1.9560566  0.5058909  0.         0.         0.54596835
 4.0643654  4.694323   5.006747   1.4750849 ]
Sample 5 - Reconstructed:
[1. 1. 1. 1. 0. 1. 0. 1. 1. 1.]

Epoch [58/100]
Sample 1 - Original:
[1.1634988  2.169925   0.07038933 0.         0.         0.13750352
 1.3785117  2.563158   3.         1.469886  ]
Sample 1 - Reconstructed:
[1. 0. 1. 1. 0. 1. 0. 1. 1. 0.]

Sample 2 - Original:
[1.6870607  3.4235783  0.11103131 0.         0.         0.46466827
 1.3950628  4.448901   6.040235   0.7990873 ]
Sample 2 - Reconstructed:
[1. 0. 1. 1. 0. 1. 0. 1. 1. 0.]

Sample 3 - Original:
[1.8318772  2.641546   0.11103131 0.         0.         0.27500704
 1.847997   4.6650515  6.6145625  1.22033   ]
Sample 3 - Reconstructed:
[1. 0. 1. 1. 0. 1. 0. 1. 1. 0.]

Sample 4 - Original:
[2.3923175  4.2824397  0.02856915 0.         0.         0.8953026
 2.304511   5.14323    6.67638    1.2326608 ]
Sample 4 - Reconstructed:
[1. 0. 1. 1. 0. 1. 0. 1. 1. 0.]

Sample 5 - Original:
[1.847997   3.1858666  0.2141248  0.         0.         0.22650853
 2.3812833  3.638074   4.5533605  1.4276062 ]
Sample 5 - Reconstructed:
[1. 0. 1. 1. 0. 1. 0. 1. 1. 0.]

Epoch [59/100]
Sample 1 - Original:
[1.5753124  2.5801456  0.78240854 0.         0.         0.5058909
 3.8972404  4.2750072  4.9083323  1.4750849 ]
Sample 1 - Reconstructed:
[1. 1. 1. 1. 1. 1. 0. 1. 1. 1.]

Sample 2 - Original:
[1.5993178  4.5509005  0.09761079 0.         0.05658353 0.2630344
 3.7409275  3.8816645  3.8155754  1.7655348 ]
Sample 2 - Reconstructed:
[1. 1. 1. 1. 1. 1. 0. 1. 1. 1.]

Sample 3 - Original:
[1.0214797  2.214125   0.23878686 0.         0.         0.18903382
 1.7268312  2.238787   3.1456776  1.1570437 ]
Sample 3 - Reconstructed:
[1. 1. 1. 1. 1. 1. 0. 1. 1. 1.]

Sample 4 - Original:
[2.5753124  2.5897634  0.01435529 0.         0.         0.15055968
 3.0496309  4.278728   4.177918   0.5849625 ]
Sample 4 - Reconstructed:
[1. 1. 1. 1. 1. 1. 0. 1. 1. 1.]

Sample 5 - Original:
[2.5084286  4.3964334  0.5160152  0.         0.         0.12432814
 2.2839217  4.8594728  4.0435195  1.8914192 ]
Sample 5 - Reconstructed:
[1. 1. 1. 1. 1. 1. 0. 1. 1. 1.]

Epoch [60/100]
Sample 1 - Original:
[2.8318772  3.92505    0.         0.         0.         0.25096157
 1.7655348  5.340206   6.731183   0.78240854]
Sample 1 - Reconstructed:
[1. 1. 1. 0. 0. 1. 0. 1. 1. 1.]

Sample 2 - Original:
[1.8757801 3.1375036 0.4854268 0.        0.        0.5558162 2.9800253
 5.329841  5.5166454 1.847997 ]
Sample 2 - Reconstructed:
[1. 1. 1. 0. 0. 1. 0. 1. 1. 1.]

Sample 3 - Original:
[1.2387868  3.019702   0.25096157 0.         0.         0.5058909
 2.3589587  3.9918618  4.5179057  1.4646683 ]
Sample 3 - Reconstructed:
[1. 1. 1. 0. 0. 1. 0. 1. 1. 1.]

Sample 4 - Original:
[2.1763227  2.9068906  0.02856915 0.         0.         0.44360664
 1.9927684  4.4342947  6.8158317  0.8155754 ]
Sample 4 - Reconstructed:
[1. 1. 1. 0. 0. 1. 0. 1. 1. 1.]

Sample 5 - Original:
[2.8914192  3.9763637  0.65992457 0.         0.         0.13750352
 2.201634   4.061776   5.189034   2.0703893 ]
Sample 5 - Reconstructed:
[1. 1. 1. 0. 0. 1. 0. 1. 1. 1.]

Epoch [61/100]
Sample 1 - Original:
[1.469886   3.3771238  0.40053794 0.         0.         0.3561438
 2.1731274  4.3936906  3.6791985  1.6507646 ]
Sample 1 - Reconstructed:
[1. 1. 1. 1. 1. 1. 0. 1. 1. 1.]

Sample 2 - Original:
[1.8678964  3.6599245  0.23878686 0.         0.         0.41142625
 2.3305583  4.7262864  4.31904    2.2570107 ]
Sample 2 - Reconstructed:
[1. 1. 1. 1. 1. 1. 0. 1. 1. 1.]

Sample 3 - Original:
[2.3504972  3.3175936  0.3561438  0.         0.         0.28688115
 3.7792597  3.9307373  4.6667566  1.8953027 ]
Sample 3 - Reconstructed:
[1. 1. 1. 1. 1. 1. 0. 1. 1. 1.]

Sample 4 - Original:
[1.1110313  2.582556   0.32192808 0.         0.         1.0908535
 1.8599695  5.0232553  5.3341393  1.6870607 ]
Sample 4 - Reconstructed:
[1. 1. 1. 1. 1. 1. 0. 1. 1. 1.]

Sample 5 - Original:
[2.3419857  3.7928553  0.6322682  0.         0.         0.08406427
 3.3276873  4.5969353  4.118526   2.4724877 ]
Sample 5 - Reconstructed:
[1. 1. 1. 1. 1. 1. 0. 1. 1. 1.]

Epoch [62/100]
Sample 1 - Original:
[1.454176   2.6392322  0.22650853 0.         0.         0.08406427
 2.9107327  3.0338635  4.1834865  1.1375035 ]
Sample 1 - Reconstructed:
[1. 1. 1. 1. 0. 1. 0. 1. 1. 0.]

Sample 2 - Original:
[1.2690332  2.7949357  0.47508487 0.         0.         0.74846125
 3.3334239  4.9722333  5.2924137  1.7824086 ]
Sample 2 - Reconstructed:
[1. 1. 1. 1. 0. 1. 0. 1. 1. 0.]

Sample 3 - Original:
[1.5753124  1.8439839  0.5360529  0.         0.         0.16349873
 1.4382929  2.6690269  3.2156787  1.5109619 ]
Sample 3 - Reconstructed:
[1. 1. 1. 1. 0. 1. 0. 1. 1. 0.]

Sample 4 - Original:
[1.6088092  2.6088092  0.22650853 0.         0.         0.6040713
 2.1210153  4.4409523  4.401221   1.6369146 ]
Sample 4 - Reconstructed:
[1. 1. 1. 1. 0. 1. 0. 1. 1. 0.]

Sample 5 - Original:
[1.8155755  2.6205864  0.42223302 0.         0.         1.1505597
 3.7037652  5.050937   6.4452634  1.5849625 ]
Sample 5 - Reconstructed:
[1. 1. 1. 1. 0. 1. 0. 1. 1. 0.]

Epoch [63/100]
Sample 1 - Original:
[1.2809563  2.238787   0.07038933 0.         0.         0.7398481
 2.2720232  3.4382927  5.4419484  0.7990873 ]
Sample 1 - Reconstructed:
[1. 1. 1. 1. 0. 1. 0. 1. 1. 0.]

Sample 2 - Original:
[1.1440464  1.3729521  0.07038933 0.         0.04264434 0.07038933
 1.4489009  1.6780719  2.3701644  1.2927817 ]
Sample 2 - Reconstructed:
[1. 1. 1. 1. 0. 1. 0. 1. 1. 0.]

Sample 3 - Original:
[1.2265085 2.963474  0.3448285 0.        0.        0.5849625 2.0391383
 5.5912604 4.69488   2.201634 ]
Sample 3 - Reconstructed:
[1. 1. 1. 1. 0. 1. 0. 1. 1. 0.]

Sample 4 - Original:
[0.5058909  0.8073549  0.28688115 0.         0.         0.09761079
 1.1890339  1.2690332  1.9671686  0.87184364]
Sample 4 - Reconstructed:
[1. 1. 1. 1. 0. 1. 0. 1. 1. 0.]

Sample 5 - Original:
[2.3391373  4.0539804  0.22650853 0.         0.         0.22650853
 3.321928   3.9241     4.561326   1.8073549 ]
Sample 5 - Reconstructed:
[1. 1. 1. 1. 0. 1. 0. 1. 1. 0.]

Epoch [64/100]
Sample 1 - Original:
[3.9597702  2.2172308  0.33342373 0.         0.         0.3103401
 4.2935176  4.254745   5.790772   2.510962  ]
Sample 1 - Reconstructed:
[1. 1. 1. 1. 0. 1. 0. 1. 1. 1.]

Sample 2 - Original:
[1.7136958  5.7355223  0.22650853 0.         0.         0.23878686
 2.596935   4.7026577  4.214902   1.2387868 ]
Sample 2 - Reconstructed:
[1. 1. 1. 1. 0. 1. 0. 1. 1. 1.]

Sample 3 - Original:
[3.117695   2.1440463  0.61353165 0.         0.         0.25096157
 4.2303567  4.269033   4.846995   2.711495  ]
Sample 3 - Reconstructed:
[1. 1. 1. 1. 0. 1. 0. 1. 1. 1.]

Sample 4 - Original:
[1.7907721  3.569248   0.42223302 0.         0.         0.25096157
 1.811471   4.0125685  4.4627066  1.8639385 ]
Sample 4 - Reconstructed:
[1. 1. 1. 1. 0. 1. 0. 1. 1. 1.]

Sample 5 - Original:
[1.4750849  1.5655972  0.2986583  0.         0.         0.13750352
 2.1009777  2.1043367  3.6712933  1.1375035 ]
Sample 5 - Reconstructed:
[1. 1. 1. 1. 0. 1. 0. 1. 1. 1.]

Epoch [65/100]
Sample 1 - Original:
[1.5509007  5.720552   0.08406427 0.         0.         0.36737105
 3.117695   4.9972925  4.27277    1.7268312 ]
Sample 1 - Reconstructed:
[1. 0. 1. 1. 0. 1. 0. 1. 1. 1.]

Sample 2 - Original:
[0.9183862  2.1731274  0.2630344  0.         0.         0.18903382
 1.3617684  2.803227   3.294253   1.6229304 ]
Sample 2 - Reconstructed:
[1. 0. 1. 1. 0. 1. 0. 1. 1. 1.]

Sample 3 - Original:
[1.2448871  2.7886858  0.09761079 0.         0.         0.6690268
 2.9145646  3.3391373  3.6484654  1.505891  ]
Sample 3 - Reconstructed:
[1. 0. 1. 1. 0. 1. 0. 1. 1. 1.]

Sample 4 - Original:
[1.2387868  2.5285714  0.4541759  0.         0.         0.09761079
 1.7570232  2.400538   3.695994   1.1890339 ]
Sample 4 - Reconstructed:
[1. 0. 1. 1. 0. 1. 0. 1. 1. 1.]

Sample 5 - Original:
[1.6599245  2.22033    0.2986583  0.         0.         0.40053794
 4.0259147  4.4080324  4.123501   2.0669503 ]
Sample 5 - Reconstructed:
[1. 0. 1. 1. 0. 1. 0. 1. 1. 1.]

Epoch [66/100]
Sample 1 - Original:
[1.1953475  2.9579146  0.02856915 0.         0.         0.82374936
 2.543496   5.6521997  4.626439   1.8678964 ]
Sample 1 - Reconstructed:
[1. 1. 1. 1. 0. 1. 0. 1. 1. 0.]

Sample 2 - Original:
[2.0107799  3.8619554  0.9183862  0.         0.         0.07038933
 2.523562   4.147307   4.7076354  2.107688  ]
Sample 2 - Reconstructed:
[1. 1. 1. 1. 0. 1. 0. 1. 1. 0.]

Sample 3 - Original:
[2.1375036  0.9708536  0.20163386 0.         0.         0.2630344
 2.9278965  4.5533605  4.7639427  0.8797058 ]
Sample 3 - Reconstructed:
[1. 1. 1. 1. 0. 1. 0. 1. 1. 0.]

Sample 4 - Original:
[1.077243   3.2172308  0.33342373 0.         0.         0.6040713
 2.6392322  5.3596616  4.618826   1.8439839 ]
Sample 4 - Reconstructed:
[1. 1. 1. 1. 0. 1. 0. 1. 1. 0.]

Sample 5 - Original:
[1.5310695  2.4329593  0.02856915 0.         0.         0.3103401
 1.6599245  2.9836776  4.7975316  1.2265085 ]
Sample 5 - Reconstructed:
[1. 1. 1. 1. 0. 1. 0. 1. 1. 0.]

Epoch [67/100]
Sample 1 - Original:
[2.6690269  3.9448586  0.09761079 0.         0.         0.4541759
 2.4750848  4.522307   6.386466   1.0840642 ]
Sample 1 - Reconstructed:
[1. 0. 1. 1. 0. 1. 0. 1. 1. 0.]

Sample 2 - Original:
[2.0565836 3.1538053 0.        0.        0.        0.4541759 2.6276069
 5.124328  5.2813272 1.7612853]
Sample 2 - Reconstructed:
[1. 0. 1. 1. 0. 1. 0. 1. 1. 0.]

Sample 3 - Original:
[1.500802   1.6780719  0.11103131 0.         0.         0.09761079
 1.7612853  2.130931   3.1570437  1.0908535 ]
Sample 3 - Reconstructed:
[1. 0. 1. 1. 0. 1. 0. 1. 1. 0.]

Sample 4 - Original:
[2.1342208  0.9183862  0.12432814 0.         0.         0.16349873
 2.2110121  2.7463129  4.079805   1.4168397 ]
Sample 4 - Reconstructed:
[1. 0. 1. 1. 0. 1. 0. 1. 1. 0.]

Sample 5 - Original:
[1.8073549 4.029453  0.5945485 0.        0.        1.1890339 3.9373443
 4.538538  4.5861645 1.7865964]
Sample 5 - Reconstructed:
[1. 0. 1. 1. 0. 1. 0. 1. 1. 0.]

Epoch [68/100]
Sample 1 - Original:
[1.3729521 3.3950627 0.        0.        0.        0.5160152 2.2600257
 5.6582117 4.7120457 2.0250287]
Sample 1 - Reconstructed:
[1. 1. 1. 1. 0. 1. 0. 1. 1. 1.]

Sample 2 - Original:
[1.3448285  2.3785117  0.04264434 0.         0.         0.33342373
 2.7865963  2.807355   3.7655346  1.7092906 ]
Sample 2 - Reconstructed:
[1. 1. 1. 1. 0. 1. 0. 1. 1. 1.]

Sample 3 - Original:
[2.1763227  4.400538   0.2141248  0.         0.         0.69599384
 1.9107326  4.8594728  7.1179028  1.0214797 ]
Sample 3 - Reconstructed:
[1. 1. 1. 1. 0. 1. 0. 1. 1. 1.]

Sample 4 - Original:
[1.9068906  3.9745293  0.09761079 0.         0.         0.20163386
 2.1731274  4.368768   4.191405   1.8196682 ]
Sample 4 - Reconstructed:
[1. 1. 1. 1. 0. 1. 0. 1. 1. 1.]

Sample 5 - Original:
[2.6553519  4.528571   0.12432814 0.         0.         0.3561438
 1.5801455  5.18547    6.842979   1.1375035 ]
Sample 5 - Reconstructed:
[1. 1. 1. 1. 0. 1. 0. 1. 1. 1.]

Epoch [69/100]
Sample 1 - Original:
[1.5558162  3.3161457  0.3448285  0.         0.         0.20163386
 2.2986584  3.6993296  4.0365033  1.5801455 ]
Sample 1 - Reconstructed:
[1. 0. 1. 1. 0. 1. 0. 1. 1. 1.]

Sample 2 - Original:
[2.6369145  4.95977    0.09761079 0.         0.         0.49569517
 2.2234225  5.5163302  6.8196683  1.0356239 ]
Sample 2 - Reconstructed:
[1. 0. 1. 1. 0. 1. 0. 1. 1. 1.]

Sample 3 - Original:
[1.4436066 2.7202785 0.2986583 0.        0.        0.5945485 2.9523335
 4.7120457 4.6791987 1.811471 ]
Sample 3 - Reconstructed:
[1. 0. 1. 1. 0. 1. 0. 1. 1. 1.]

Sample 4 - Original:
[1.9671686  3.568032   0.22650853 0.         0.         0.27500704
 2.0942361  3.7202785  4.1301074  1.8237493 ]
Sample 4 - Reconstructed:
[1. 0. 1. 1. 0. 1. 0. 1. 1. 1.]

Sample 5 - Original:
[2.3190398  3.3204846  0.17632277 0.         0.         0.37851164
 1.3103402  5.0276847  6.057234   1.1375035 ]
Sample 5 - Reconstructed:
[1. 0. 1. 1. 0. 1. 0. 1. 1. 1.]

Epoch [70/100]
Sample 1 - Original:
[2.5084286  3.8429787  0.8073549  0.         0.         0.15055968
 3.0908535  4.778734   5.2694073  2.1763227 ]
Sample 1 - Reconstructed:
[1. 0. 1. 1. 0. 1. 0. 1. 1. 0.]

Sample 2 - Original:
[2.3334239  4.6791987  0.02856915 0.         0.         0.4541759
 2.035624   5.2452674  6.398487   1.1440464 ]
Sample 2 - Reconstructed:
[1. 0. 1. 1. 0. 1. 0. 1. 1. 0.]

Sample 3 - Original:
[3.117695   2.1440463  0.61353165 0.         0.         0.25096157
 4.2303567  4.269033   4.846995   2.711495  ]
Sample 3 - Reconstructed:
[1. 0. 1. 1. 0. 1. 0. 1. 1. 0.]

Sample 4 - Original:
[1.1440464  3.308885   0.11103131 0.         0.         1.4436066
 1.8875253  6.2971916  5.3712106  1.9745293 ]
Sample 4 - Reconstructed:
[1. 0. 1. 1. 0. 1. 0. 1. 1. 0.]

Sample 5 - Original:
[1.0285691  0.9411063  0.47508487 0.         0.         0.13750352
 1.3391374  1.3673711  2.3132458  1.1176951 ]
Sample 5 - Reconstructed:
[1. 0. 1. 1. 0. 1. 0. 1. 1. 0.]

Epoch [71/100]
Sample 1 - Original:
[1.5459684  3.3276873  0.3103401  0.         0.         0.49569517
 2.7376869  4.6287737  6.2197495  1.275007  ]
Sample 1 - Reconstructed:
[1. 0. 1. 1. 1. 1. 0. 1. 1. 1.]

Sample 2 - Original:
[2.9467309  2.5728896  1.0285691  0.46466827 0.         0.93357265
 5.355439   3.6005077  5.879951   1.7824086 ]
Sample 2 - Reconstructed:
[1. 0. 1. 1. 1. 1. 0. 1. 1. 1.]

Sample 3 - Original:
[1.9708537  3.4685833  0.         0.         0.         0.16349873
 2.493135   4.244126   4.7202783  1.8875253 ]
Sample 3 - Reconstructed:
[1. 0. 1. 1. 1. 1. 0. 1. 1. 1.]

Sample 4 - Original:
[1.6553519 2.1634986 0.4854268 0.        0.        0.6322682 2.5945485
 3.0992951 4.1043367 1.6915342]
Sample 4 - Reconstructed:
[1. 0. 1. 1. 1. 1. 0. 1. 1. 1.]

Sample 5 - Original:
[2.641546   4.627607   0.33342373 0.         0.         0.3103401
 2.7886858  4.0250287  4.873321   1.4489009 ]
Sample 5 - Reconstructed:
[1. 0. 1. 1. 1. 1. 0. 1. 1. 1.]

Epoch [72/100]
Sample 1 - Original:
[2.3103402  3.116032   0.01435529 0.         0.         0.54596835
 3.6937656  4.7665954  6.0904303  1.6322682 ]
Sample 1 - Reconstructed:
[1. 1. 1. 1. 0. 1. 0. 1. 1. 1.]

Sample 2 - Original:
[1.3729521  2.3923175  0.47508487 0.         0.         0.15055968
 1.5945486  2.6484654  3.4369614  1.722466  ]
Sample 2 - Reconstructed:
[1. 1. 1. 1. 0. 1. 0. 1. 1. 1.]

Sample 3 - Original:
[2.0669503  3.928844   0.01435529 0.         0.         0.5160152
 2.130931   6.390255   4.798569   1.4802651 ]
Sample 3 - Reconstructed:
[1. 1. 1. 1. 0. 1. 0. 1. 1. 1.]

Sample 4 - Original:
[1.6276069  4.4127817  0.12432814 0.         0.         0.5655972
 1.6780719  4.9020734  7.1059084  0.87184364]
Sample 4 - Reconstructed:
[1. 1. 1. 1. 0. 1. 0. 1. 1. 1.]

Sample 5 - Original:
[1.3950628  1.2690332  0.09761079 0.         0.         0.46466827
 1.469886   3.854993   5.853996   0.8797058 ]
Sample 5 - Reconstructed:
[1. 1. 1. 1. 0. 1. 0. 1. 1. 1.]

Epoch [73/100]
Sample 1 - Original:
[1.6461626  2.9392266  0.22650853 0.         0.         0.5753123
 2.107688   4.836429   4.0098844  1.8797058 ]
Sample 1 - Reconstructed:
[1. 1. 1. 1. 0. 1. 0. 1. 1. 1.]

Sample 2 - Original:
[1.5849625  3.8953025  0.12432814 0.         0.         0.6870607
 4.503985   5.3352118  4.56864    1.8073549 ]
Sample 2 - Reconstructed:
[1. 1. 1. 1. 0. 1. 0. 1. 1. 1.]

Sample 3 - Original:
[1.7907721  2.5459683  0.28688115 0.04264434 0.         0.62293035
 1.8718437  5.491853   4.8349133  1.704872  ]
Sample 3 - Reconstructed:
[1. 1. 1. 1. 0. 1. 0. 1. 1. 1.]

Sample 4 - Original:
[1.722466   5.7178135  0.25096157 0.         0.         0.17632277
 1.6644828  4.6593537  4.4127817  1.2630345 ]
Sample 4 - Reconstructed:
[1. 1. 1. 1. 0. 1. 0. 1. 1. 1.]

Sample 5 - Original:
[1.6553519  2.3785117  0.2141248  0.         0.         0.15055968
 1.641546   3.0496309  3.7136958  1.3504972 ]
Sample 5 - Reconstructed:
[1. 1. 1. 1. 0. 1. 0. 1. 1. 1.]

Epoch [74/100]
Sample 1 - Original:
[1.5410192  3.568032   0.27500704 0.         0.         0.37851164
 1.5849625  4.207112   6.8337755  1.6870607 ]
Sample 1 - Reconstructed:
[1. 0. 1. 1. 1. 1. 0. 1. 1. 0.]

Sample 2 - Original:
[1.505891   3.1521835  0.7136958  0.         0.         0.18903382
 2.419539   3.1193562  4.0669503  1.7136958 ]
Sample 2 - Reconstructed:
[1. 0. 1. 1. 1. 1. 0. 1. 1. 0.]

Sample 3 - Original:
[2.130931   3.8489985  0.23878686 0.         0.         0.73118323
 2.304511   4.196922   3.82171    1.9335726 ]
Sample 3 - Reconstructed:
[1. 0. 1. 1. 1. 1. 0. 1. 1. 0.]

Sample 4 - Original:
[1.9597702  2.7398481  0.37851164 0.         0.         0.16349873
 2.2047668  3.827819   4.31034    1.6461626 ]
Sample 4 - Reconstructed:
[1. 0. 1. 1. 1. 1. 0. 1. 1. 0.]

Sample 5 - Original:
[2.4302852 3.321928  0.        0.        0.        0.5058909 1.3276874
 5.175125  6.64501   1.1110313]
Sample 5 - Reconstructed:
[1. 0. 1. 1. 1. 1. 0. 1. 1. 0.]

Epoch [75/100]
Sample 1 - Original:
[2.0976107  4.5134907  0.23878686 0.         0.         0.05658353
 1.8797058  5.0378213  4.512227   1.8639385 ]
Sample 1 - Reconstructed:
[1. 0. 1. 1. 1. 1. 0. 1. 1. 1.]

Sample 2 - Original:
[1.5753124  4.516015   0.16349873 0.         0.         0.15055968
 2.4141355  3.807355   4.367371   1.7655348 ]
Sample 2 - Reconstructed:
[1. 0. 1. 1. 1. 1. 0. 1. 1. 1.]

Sample 3 - Original:
[3.1953475  2.4672794  0.33342373 0.         0.         0.2986583
 2.803227   4.38405    4.573496   2.1921942 ]
Sample 3 - Reconstructed:
[1. 0. 1. 1. 1. 1. 0. 1. 1. 1.]

Sample 4 - Original:
[1.9030383  3.07382    0.3561438  0.         0.         0.07038933
 2.1921942  3.7782085  4.498889   1.7136958 ]
Sample 4 - Reconstructed:
[1. 0. 1. 1. 1. 1. 0. 1. 1. 1.]

Sample 5 - Original:
[1.5558162  2.5484366  0.01435529 0.         0.         0.16349873
 2.304511   2.6461627  3.638074   1.4114262 ]
Sample 5 - Reconstructed:
[1. 0. 1. 1. 1. 1. 0. 1. 1. 1.]

Epoch [76/100]
Sample 1 - Original:
[1.0565835  2.4750848  0.6690268  0.04264434 0.         0.36737105
 3.165108   4.179511   4.4141355  1.3673711 ]
Sample 1 - Reconstructed:
[1. 1. 1. 1. 0. 1. 0. 1. 1. 0.]

Sample 2 - Original:
[1.8678964  3.0143552  0.02856915 0.         0.         0.12432814
 2.722466   3.0089889  4.521679   1.8318772 ]
Sample 2 - Reconstructed:
[1. 1. 1. 1. 0. 1. 0. 1. 1. 0.]

Sample 3 - Original:
[2.2600257  2.929791   0.28688115 0.         0.         0.5849625
 2.1505597  5.157448   4.9126496  2.0143552 ]
Sample 3 - Reconstructed:
[1. 1. 1. 1. 0. 1. 0. 1. 1. 0.]

Sample 4 - Original:
[1.6780719  2.386811   0.4854268  0.         0.         0.05658353
 2.8318772  2.7398481  3.7980504  1.5509007 ]
Sample 4 - Reconstructed:
[1. 1. 1. 1. 0. 1. 0. 1. 1. 0.]

Sample 5 - Original:
[1.5753124  1.8439839  0.5360529  0.         0.         0.16349873
 1.4382929  2.6690269  3.2156787  1.5109619 ]
Sample 5 - Reconstructed:
[1. 1. 1. 1. 0. 1. 0. 1. 1. 0.]

Epoch [77/100]
Sample 1 - Original:
[1.7990873  3.790772   0.16349873 0.         0.         0.44360664
 1.835924   4.507795   6.8210726  0.8797058 ]
Sample 1 - Reconstructed:
[1. 1. 1. 1. 0. 1. 0. 1. 1. 0.]

Sample 2 - Original:
[2.1826923  4.667892   0.         0.         0.         0.49569517
 2.3476655  4.674122   7.0656586  1.0635029 ]
Sample 2 - Reconstructed:
[1. 1. 1. 1. 0. 1. 0. 1. 1. 0.]

Sample 3 - Original:
[2.117695   3.4607425  0.40053794 0.         0.         0.07038933
 3.019702   3.8569858  4.308885   1.811471  ]
Sample 3 - Reconstructed:
[1. 1. 1. 1. 0. 1. 0. 1. 1. 0.]

Sample 4 - Original:
[1.2448871  3.295723   0.04264434 0.         0.         0.76553476
 2.1890337  5.6241007  4.999098   1.6461626 ]
Sample 4 - Reconstructed:
[1. 1. 1. 1. 0. 1. 0. 1. 1. 0.]

Sample 5 - Original:
[1.3103402  2.6345932  0.44360664 0.         0.         0.5260688
 1.8032271  4.804776   4.082362   1.3103402 ]
Sample 5 - Reconstructed:
[1. 1. 1. 1. 0. 1. 0. 1. 1. 0.]

Epoch [78/100]
Sample 1 - Original:
[2.0143552 1.469886  0.3448285 0.        0.        0.2141248 4.3659725
 2.6915343 4.1594677 1.6507646]
Sample 1 - Reconstructed:
[1. 1. 1. 1. 0. 1. 0. 1. 1. 0.]

Sample 2 - Original:
[1.8155755  3.200065   0.3448285  0.         0.         0.22650853
 2.3161457  3.7398481  4.57107    1.8519988 ]
Sample 2 - Reconstructed:
[1. 1. 1. 1. 0. 1. 0. 1. 1. 0.]

Sample 3 - Original:
[2.7718856  4.261531   0.2986583  0.         0.         0.70487195
 2.929791   5.8137813  5.1026583  2.1110313 ]
Sample 3 - Reconstructed:
[1. 1. 1. 1. 0. 1. 0. 1. 1. 0.]

Sample 4 - Original:
[1.2016338  1.6690267  0.02856915 0.         0.         0.3103401
 1.7484612  4.044394   3.7311833  1.6825733 ]
Sample 4 - Reconstructed:
[1. 1. 1. 1. 0. 1. 0. 1. 1. 0.]

Sample 5 - Original:
[1.6825733  2.8298495  0.         0.         0.05658353 0.22650853
 2.2630343  3.2720232  3.65306    1.5655972 ]
Sample 5 - Reconstructed:
[1. 1. 1. 1. 0. 1. 0. 1. 1. 0.]

Epoch [79/100]
Sample 1 - Original:
[1.1375035  1.4276062  0.15055968 0.         0.         0.05658353
 1.1176951  1.7865964  2.5033488  0.9781956 ]
Sample 1 - Reconstructed:
[1. 0. 1. 1. 0. 1. 0. 1. 1. 1.]

Sample 2 - Original:
[1.1953475  3.179511   0.11103131 0.         0.         0.2141248
 2.2630343  4.149747   4.814038   1.1634988 ]
Sample 2 - Reconstructed:
[1. 0. 1. 1. 0. 1. 0. 1. 1. 1.]

Sample 3 - Original:
[0.790772   1.3950628  0.28688115 0.         0.         0.16349873
 1.7697717  1.570463   2.6438563  1.1043366 ]
Sample 3 - Reconstructed:
[1. 0. 1. 1. 0. 1. 0. 1. 1. 1.]

Sample 4 - Original:
[2.4724877 3.7125957 0.4541759 0.        0.        0.8953026 1.8797058
 5.2433643 5.8086424 1.469886 ]
Sample 4 - Reconstructed:
[1. 0. 1. 1. 0. 1. 0. 1. 1. 1.]

Sample 5 - Original:
[2.017922   3.793896   0.08406427 0.         0.         0.40053794
 1.9597702  4.6334314  5.6820116  0.9183862 ]
Sample 5 - Reconstructed:
[1. 0. 1. 1. 0. 1. 0. 1. 1. 1.]

Epoch [80/100]
Sample 1 - Original:
[1.811471  3.6814492 0.2141248 0.        0.        0.6870607 2.4059923
 4.1060133 4.9680905 1.5509007]
Sample 1 - Reconstructed:
[1. 1. 1. 1. 0. 1. 1. 1. 1. 1.]

Sample 2 - Original:
[1.6229304  2.275007   0.77399635 0.         0.         0.17632277
 2.9467309  3.0669503  4.177918   1.7949357 ]
Sample 2 - Reconstructed:
[1. 1. 1. 1. 0. 1. 1. 1. 1. 1.]

Sample 3 - Original:
[1.3103402  1.5753124  0.11103131 0.         0.         0.09761079
 2.3419857  2.229588   3.5861642  1.5260688 ]
Sample 3 - Reconstructed:
[1. 1. 1. 1. 0. 1. 1. 1. 1. 1.]

Sample 4 - Original:
[1.2265085  3.1602747  0.13750352 0.         0.         0.74846125
 2.7506065  5.33235    5.093814   1.570463  ]
Sample 4 - Reconstructed:
[1. 1. 1. 1. 0. 1. 1. 1. 1. 1.]

Sample 5 - Original:
[3.6814492 3.2172308 1.1505597 0.3103401 0.        1.4594316 4.9448586
 4.989139  6.47978   1.5655972]
Sample 5 - Reconstructed:
[1. 1. 1. 1. 0. 1. 1. 1. 1. 1.]

Epoch [81/100]
Sample 1 - Original:
[2.2779849  2.7202785  0.28688115 0.         0.         0.17632277
 2.797013   3.4073527  4.555816   2.017922  ]
Sample 1 - Reconstructed:
[1. 0. 1. 1. 0. 1. 0. 1. 1. 1.]

Sample 2 - Original:
[1.9107326  2.8718436  0.17632277 0.         0.         0.74846125
 2.3701644  4.051372   4.493135   1.5410192 ]
Sample 2 - Reconstructed:
[1. 0. 1. 1. 0. 1. 0. 1. 1. 1.]

Sample 3 - Original:
[2.1407785 3.169925  1.1570437 0.        0.        0.2141248 2.6690269
 4.610582  4.451541  1.9855005]
Sample 3 - Reconstructed:
[1. 0. 1. 1. 0. 1. 0. 1. 1. 1.]

Sample 4 - Original:
[1.6229304  3.258519   0.20163386 0.         0.         0.18903382
 2.372952   3.5033488  4.2607784  1.5558162 ]
Sample 4 - Reconstructed:
[1. 0. 1. 1. 0. 1. 0. 1. 1. 1.]

Sample 5 - Original:
[2.7158933  2.811471   0.41142625 0.08406427 0.         0.2986583
 2.7441611  5.366672   5.507795   1.5558162 ]
Sample 5 - Reconstructed:
[1. 0. 1. 1. 0. 1. 0. 1. 1. 1.]

Epoch [82/100]
Sample 1 - Original:
[1.6507646  2.678072   0.47508487 0.         0.         0.6690268
 3.2326608  4.9321556  5.5539746  1.8559897 ]
Sample 1 - Reconstructed:
[1. 1. 1. 1. 1. 1. 0. 1. 1. 1.]

Sample 2 - Original:
[1.560715   3.2047668  0.12432814 0.         0.         0.09761079
 2.117695   3.6311042  4.305241   2.0565836 ]
Sample 2 - Reconstructed:
[1. 1. 1. 1. 1. 1. 0. 1. 1. 1.]

Sample 3 - Original:
[2.2570107  4.4776773  0.16349873 0.         0.         0.08406427
 2.9836776  4.169123   4.4161644  1.7527486 ]
Sample 3 - Reconstructed:
[1. 1. 1. 1. 1. 1. 0. 1. 1. 1.]

Sample 4 - Original:
[1.9183862  1.5849625  0.16349873 0.         0.         0.49569517
 2.65764    4.050502   4.50716    1.1826923 ]
Sample 4 - Reconstructed:
[1. 1. 1. 1. 1. 1. 0. 1. 1. 1.]

Sample 5 - Original:
[1.3895668  2.9448586  0.5849625  0.         0.         0.05658353
 2.3161457  3.2372577  3.7333543  1.7311833 ]
Sample 5 - Reconstructed:
[1. 1. 1. 1. 1. 1. 0. 1. 1. 1.]

Epoch [83/100]
Sample 1 - Original:
[3.536053   1.4594316  0.77399635 0.         0.         0.25096157
 4.9136076  3.7279205  4.9302645  2.22033   ]
Sample 1 - Reconstructed:
[1. 1. 1. 1. 0. 1. 0. 1. 1. 1.]

Sample 2 - Original:
[1.4905702  2.2898345  0.11103131 0.         0.         0.09761079
 1.570463   2.207893   3.371559   1.0908535 ]
Sample 2 - Reconstructed:
[1. 1. 1. 1. 0. 1. 0. 1. 1. 1.]

Sample 3 - Original:
[3.389567   2.8499992  0.3448285  0.         0.         0.02856915
 3.547203   4.228819   4.292782   2.063503  ]
Sample 3 - Reconstructed:
[1. 1. 1. 1. 0. 1. 0. 1. 1. 1.]

Sample 4 - Original:
[2.3103402  4.133399   0.6507646  0.         0.         0.15055968
 2.7697718  4.013462   4.3819757  1.7949357 ]
Sample 4 - Reconstructed:
[1. 1. 1. 1. 0. 1. 0. 1. 1. 1.]

Sample 5 - Original:
[1.3391374  3.2883584  0.09761079 0.         0.         1.1505597
 3.082362   5.1060133  5.338068   1.5993178 ]
Sample 5 - Reconstructed:
[1. 1. 1. 1. 0. 1. 0. 1. 1. 1.]

Epoch [84/100]
Sample 1 - Original:
[2.1210153  3.351911   0.6507646  0.         0.         0.32192808
 2.6712933  3.97728    4.482203   1.8519988 ]
Sample 1 - Reconstructed:
[1. 0. 1. 1. 0. 1. 0. 1. 1. 1.]

Sample 2 - Original:
[1.8439839  2.811471   0.08406427 0.         0.         0.2986583
 2.2479274  3.6322682  4.0643654  1.4750849 ]
Sample 2 - Reconstructed:
[1. 0. 1. 1. 0. 1. 0. 1. 1. 1.]

Sample 3 - Original:
[1.4114262  2.8135247  0.22650853 0.         0.         0.8953026
 3.803227   5.294988   5.3186784  2.114367  ]
Sample 3 - Reconstructed:
[1. 0. 1. 1. 0. 1. 0. 1. 1. 1.]

Sample 4 - Original:
[1.6915342  2.0391383  0.05658353 0.04264434 0.         0.12432814
 1.169925   3.308885   2.5210507  1.6276069 ]
Sample 4 - Reconstructed:
[1. 0. 1. 1. 0. 1. 0. 1. 1. 1.]

Sample 5 - Original:
[2.9202933  2.427606   0.04264434 0.         0.         0.28688115
 4.5909615  3.8135247  4.8664136  2.1826923 ]
Sample 5 - Reconstructed:
[1. 0. 1. 1. 0. 1. 0. 1. 1. 1.]

Epoch [85/100]
Sample 1 - Original:
[1.2326608  3.7004397  0.09761079 0.         0.         0.02856915
 1.400538   3.2063305  3.4127815  1.0143553 ]
Sample 1 - Reconstructed:
[1. 1. 1. 1. 0. 1. 0. 1. 1. 1.]

Sample 2 - Original:
[1.6182387  1.8914192  0.15055968 0.         0.         0.54596835
 1.9107326  6.21529    4.149747   1.9927684 ]
Sample 2 - Reconstructed:
[1. 1. 1. 1. 0. 1. 0. 1. 1. 1.]

Sample 3 - Original:
[1.3219281  3.3001237  0.20163386 0.         0.         0.22650853
 2.7803102  3.4802651  4.3875003  1.9745293 ]
Sample 3 - Reconstructed:
[1. 1. 1. 1. 0. 1. 0. 1. 1. 1.]

Sample 4 - Original:
[2.0703893 3.9136076 0.2630344 0.        0.        0.6507646 1.9221978
 4.898208  6.931565  1.       ]
Sample 4 - Reconstructed:
[1. 1. 1. 1. 0. 1. 0. 1. 1. 1.]

Sample 5 - Original:
[1.570463  2.6803243 0.        0.        0.        0.6780719 2.9049656
 4.9354596 5.226894  1.5310695]
Sample 5 - Reconstructed:
[1. 1. 1. 1. 0. 1. 0. 1. 1. 1.]

Epoch [86/100]
Sample 1 - Original:
[1.6959938  2.6111724  0.40053794 0.         0.         0.09761079
 3.9827654  3.5046203  5.0626397  1.570463  ]
Sample 1 - Reconstructed:
[1. 0. 1. 1. 0. 1. 1. 1. 1. 1.]

Sample 2 - Original:
[1.847997  3.1456776 0.3561438 0.        0.        1.0703893 3.6564963
 5.3251705 5.57107   1.7092906]
Sample 2 - Reconstructed:
[1. 0. 1. 1. 0. 1. 1. 1. 1. 1.]

Sample 3 - Original:
[2.1243281  2.9429836  0.23878686 0.         0.         0.42223302
 3.266037   5.785289   4.1464925  2.063503  ]
Sample 3 - Reconstructed:
[1. 0. 1. 1. 0. 1. 1. 1. 1. 1.]

Sample 4 - Original:
[1.9523336  1.5509007  0.4329594  0.         0.         0.11103131
 2.7506065  2.5484366  4.133399   1.1826923 ]
Sample 4 - Reconstructed:
[1. 0. 1. 1. 0. 1. 1. 1. 1. 1.]

Sample 5 - Original:
[1.7136958  5.7355223  0.22650853 0.         0.         0.23878686
 2.596935   4.7026577  4.214902   1.2387868 ]
Sample 5 - Reconstructed:
[1. 0. 1. 1. 0. 1. 1. 1. 1. 1.]

Epoch [87/100]
Sample 1 - Original:
[2.0391383 3.017922  0.        0.        0.        0.8797058 2.8196683
 4.5459685 6.0744624 1.454176 ]
Sample 1 - Reconstructed:
[1. 1. 1. 1. 0. 1. 0. 1. 1. 0.]

Sample 2 - Original:
[1.9597702 3.7473874 0.        0.        0.        0.641546  2.3161457
 5.1679196 6.469886  1.275007 ]
Sample 2 - Reconstructed:
[1. 1. 1. 1. 0. 1. 0. 1. 1. 0.]

Sample 3 - Original:
[1.6915342 3.1060133 0.2986583 0.        0.        0.2630344 2.389567
 3.3262496 4.1440463 1.6322682]
Sample 3 - Reconstructed:
[1. 1. 1. 1. 0. 1. 0. 1. 1. 0.]

Sample 4 - Original:
[1.4646683  2.9616234  0.54596835 0.         0.         0.15055968
 2.1243281  3.41819    4.125982   1.454176  ]
Sample 4 - Reconstructed:
[1. 1. 1. 1. 0. 1. 0. 1. 1. 0.]

Sample 5 - Original:
[1.5210507  2.1473067  0.25096157 0.         0.         0.46466827
 2.6915343  2.6622055  4.1440463  2.077243  ]
Sample 5 - Reconstructed:
[1. 1. 1. 1. 0. 1. 0. 1. 1. 0.]

Epoch [88/100]
Sample 1 - Original:
[1.9030383  3.07382    0.3561438  0.         0.         0.07038933
 2.1921942  3.7782085  4.498889   1.7136958 ]
Sample 1 - Reconstructed:
[1. 0. 1. 1. 0. 1. 0. 1. 1. 1.]

Sample 2 - Original:
[2.0071955  3.9278965  0.22650853 0.         0.         0.4329594
 2.500802   4.6920924  4.446918   1.8073549 ]
Sample 2 - Reconstructed:
[1. 0. 1. 1. 0. 1. 0. 1. 1. 1.]

Sample 3 - Original:
[2.0426443  3.22033    0.02856915 0.         0.         0.32192808
 1.1505597  5.8499994  6.9738407  0.5058909 ]
Sample 3 - Reconstructed:
[1. 0. 1. 1. 0. 1. 0. 1. 1. 1.]

Sample 4 - Original:
[1.5558162  3.0089889  0.05658353 0.         0.         0.25096157
 2.6848187  2.9836776  3.6016965  1.5849625 ]
Sample 4 - Reconstructed:
[1. 0. 1. 1. 0. 1. 0. 1. 1. 1.]

Sample 5 - Original:
[2.49057    3.0232553  0.37851164 0.         0.         0.20163386
 3.0125687  3.9467309  4.0565834  0.83995956]
Sample 5 - Reconstructed:
[1. 0. 1. 1. 0. 1. 0. 1. 1. 1.]

Epoch [89/100]
Sample 1 - Original:
[1.847997   2.5033488  0.28688115 0.         0.         0.4541759
 4.305241   4.448901   3.9116917  1.7570232 ]
Sample 1 - Reconstructed:
[1. 1. 1. 1. 0. 1. 0. 1. 1. 0.]

Sample 2 - Original:
[2.5310695  2.321928   0.27500704 0.         0.         0.32192808
 3.0806577  3.9981954  4.4944158  1.536053  ]
Sample 2 - Reconstructed:
[1. 1. 1. 1. 0. 1. 0. 1. 1. 0.]

Sample 3 - Original:
[1.7612853  2.8836207  0.5058909  0.         0.         0.17632277
 2.3132458  3.0686707  4.1906147  1.7527486 ]
Sample 3 - Reconstructed:
[1. 1. 1. 1. 0. 1. 0. 1. 1. 0.]

Sample 4 - Original:
[3.1538053  2.1009777  0.11103131 0.         0.         0.07038933
 3.0232553  3.372952   5.794416   1.8757801 ]
Sample 4 - Reconstructed:
[1. 1. 1. 1. 0. 1. 0. 1. 1. 0.]

Sample 5 - Original:
[1.847997   3.8094144  0.         0.         0.09761079 0.7990873
 1.8073549  4.7596884  5.9128895  1.0703893 ]
Sample 5 - Reconstructed:
[1. 1. 1. 1. 0. 1. 0. 1. 1. 0.]

