Epoch [1/20]
Sample 1 - Original:
[1.7311833e+00 2.0772431e+00 1.8903384e-01 9.9999999e-09 9.9999999e-09
 2.8569162e-02 9.2599940e-01 2.3190398e+00 3.4489009e+00 1.2509615e+00]
Sample 1 - Reconstructed:
[0.18801099 2.4511795  1.1034225  0.81564    2.3087723  0.0675178
 0.21166295 1.095998   2.8977787  1.7026498 ]

Sample 2 - Original:
[1.5260688e+00 2.8155754e+00 2.7500704e-01 9.9999999e-09 9.9999999e-09
 2.5096157e-01 2.2509615e+00 3.0721059e+00 3.9382858e+00 1.6322682e+00]
Sample 2 - Reconstructed:
[0.34693596 0.47447273 0.26741755 0.4275137  0.18854052 1.4580138
 2.9083583  0.7963592  0.94568366 0.6440267 ]

Sample 3 - Original:
[1.4646683e+00 2.9616234e+00 5.4596835e-01 9.9999999e-09 9.9999999e-09
 1.5055969e-01 2.1243281e+00 3.4181900e+00 4.1259818e+00 1.4541759e+00]
Sample 3 - Reconstructed:
[0.5373119  1.194065   1.0707943  3.9795713  0.51945466 0.7516521
 0.14652738 2.0525086  0.9257952  0.31450447]

Sample 4 - Original:
[2.1176951e+00 2.9221978e+00 9.9999999e-09 9.9999999e-09 9.9999999e-09
 7.8240854e-01 1.6780719e+00 5.2498245e+00 6.6589255e+00 5.9454852e-01]
Sample 4 - Reconstructed:
[0.5925296  0.10937456 1.155997   0.12456606 0.7602318  5.167907
 0.20722681 1.0056456  1.0430642  3.8332245 ]

Sample 5 - Original:
[8.8752526e-01 2.0738201e+00 9.9999999e-09 9.9999999e-09 9.9999999e-09
 5.6559718e-01 2.0250287e+00 3.3771238e+00 5.0912766e+00 8.7184364e-01]
Sample 5 - Reconstructed:
[1.1192328  0.39625683 1.1297965  0.974903   0.43220848 2.8841658
 0.21170308 0.28102002 0.24732281 0.77999717]

Epoch [2/20]
Sample 1 - Original:
[2.5033488e+00 3.7376869e+00 7.3984808e-01 9.9999999e-09 9.9999999e-09
 1.7632279e-01 2.7136958e+00 4.7208257e+00 4.1350422e+00 2.3840499e+00]
Sample 1 - Reconstructed:
[5.7757912e+00 1.9212572e-02 6.5853888e-01 6.5931082e-02 1.4661392e-05
 2.7189550e-01 7.8947214e-06 1.5655534e+01 4.6880012e+00 9.6815313e-07]

Sample 2 - Original:
[2.11103129e+00 3.71259570e+00 1.15704370e+00 9.99999994e-09
 9.99999994e-09 1.24328144e-01 5.59753132e+00 4.68873978e+00
 4.01346207e+00 2.10768795e+00]
Sample 2 - Reconstructed:
[5.0651989e+00 4.2690452e-02 1.8594705e+00 5.3676762e-02 1.7316257e-04
 9.6796378e-02 4.7912617e-05 4.9842873e+00 1.4664667e+01 1.1369358e-06]

Sample 3 - Original:
[2.4776773e+00 3.1554255e+00 2.2650854e-01 9.9999999e-09 9.9999999e-09
 5.9454852e-01 3.0806577e+00 4.0780973e+00 5.0600471e+00 2.1276333e+00]
Sample 3 - Reconstructed:
[7.9905243e+00 3.7752255e-03 3.3499929e-01 6.3758892e-01 3.8413637e-05
 2.2181939e-01 4.7830599e-06 6.3279099e+00 1.2837953e+01 1.5681740e-06]

Sample 4 - Original:
[1.1634988e+00 2.1699250e+00 7.0389338e-02 9.9999999e-09 9.9999999e-09
 1.3750353e-01 1.3785117e+00 2.5631580e+00 3.0000000e+00 1.4698859e+00]
Sample 4 - Reconstructed:
[6.4533293e-01 6.8564326e-02 7.2018051e-01 1.1098979e+00 4.9232449e-03
 8.6576916e-02 1.6373390e-04 7.4498472e+00 4.1581502e+00 3.9504960e-04]

Sample 5 - Original:
[2.1731274e+00 3.4646683e+00 4.8542681e-01 9.9999999e-09 9.9999999e-09
 5.2606881e-01 1.8155755e+00 5.1135340e+00 6.9825373e+00 1.3950628e+00]
Sample 5 - Reconstructed:
[1.8641050e+00 1.1226833e-02 1.5043281e-01 3.8300570e-02 3.7118234e-06
 2.1153776e-01 1.7288114e-07 1.9007259e+02 1.0898546e+01 3.7556936e-07]

Epoch [3/20]
Sample 1 - Original:
[1.6461626e+00 2.9392266e+00 2.2650854e-01 9.9999999e-09 9.9999999e-09
 5.7531232e-01 2.1076880e+00 4.8364291e+00 4.0098844e+00 1.8797058e+00]
Sample 1 - Reconstructed:
[2.0679331e+00 1.2916055e-01 2.6735765e-01 3.4952548e-01 1.3411845e-04
 1.8843080e+00 1.2467284e-04 5.0980663e+00 6.0225072e+00 2.2945170e-04]

Sample 2 - Original:
[1.7824086e+00 3.3991711e+00 1.3750353e-01 9.9999999e-09 9.9999999e-09
 4.9569517e-01 2.6507645e+00 5.6906962e+00 4.9415760e+00 2.1076880e+00]
Sample 2 - Reconstructed:
[5.3045654e+00 1.1492182e-01 8.5847133e-01 8.5724247e-01 1.4823695e-05
 6.7466855e-02 9.3425515e-05 2.5125849e+00 2.4027376e+00 1.3795077e-04]

Sample 3 - Original:
[1.6553519e+00 2.9708536e+00 1.6349874e-01 9.9999999e-09 9.9999999e-09
 8.4064275e-02 3.2403142e+00 4.5298209e+00 4.0746765e+00 2.1826923e+00]
Sample 3 - Reconstructed:
[2.85409641e+00 2.39821300e-02 2.36287236e+00 1.99299548e-02
 1.55548376e-04 3.85125369e-01 1.04927196e-04 4.96162844e+00
 2.57125831e+00 2.10399157e-04]

Sample 4 - Original:
[2.4568062e+00 1.9634742e+00 1.7632279e-01 9.9999999e-09 9.9999999e-09
 3.4482849e-01 3.6496155e+00 3.1634986e+00 4.4053116e+00 1.8836209e+00]
Sample 4 - Reconstructed:
[5.7010835e-01 2.9445760e-02 3.0827537e-01 4.2579904e-01 1.7913347e-04
 4.4327262e-01 1.1251539e-04 1.4836794e+01 1.5922390e+00 4.3466897e-04]

Sample 5 - Original:
[1.5459684e+00 3.2464080e+00 3.8956681e-01 9.9999999e-09 9.9999999e-09
 1.7632279e-01 2.3812833e+00 3.1276333e+00 3.8639383e+00 1.7484612e+00]
Sample 5 - Reconstructed:
[3.35979033e+00 2.81743016e-02 6.02468193e-01 4.90431100e-01
 3.22450389e-04 2.93514132e-01 4.18991898e-04 1.10525675e+01
 9.97229195e+00 2.10923303e-04]

Epoch [4/20]
Sample 1 - Original:
[1.4698859e+00 2.3923175e+00 1.5055969e-01 9.9999999e-09 9.9999999e-09
 1.3750353e-01 2.3617682e+00 3.3547342e+00 3.4181900e+00 1.8237493e+00]
Sample 1 - Reconstructed:
[1.9634591e+00 2.1173227e-01 8.1067152e-02 1.7412692e-01 1.5165579e-03
 3.0770862e-01 4.5603578e-04 1.3593904e+00 5.4568332e-01 8.8761048e-04]

Sample 2 - Original:
[1.2927817e+00 1.4541759e+00 4.2223302e-01 9.9999999e-09 9.9999999e-09
 7.0389338e-02 3.1715271e+00 1.7949357e+00 3.0548484e+00 6.5992457e-01]
Sample 2 - Reconstructed:
[2.93542242e+00 1.02257609e+00 4.02746582e+00 2.08762527e+00
 1.58945657e-03 1.14776865e-01 1.06410207e-02 2.60662270e+00
 2.30200815e+00 3.44563299e-03]

Sample 3 - Original:
[1.9634742e+00 3.3175936e+00 1.3750353e-01 9.9999999e-09 9.9999999e-09
 5.5581617e-01 1.5509007e+00 4.7703004e+00 6.6024389e+00 9.1073269e-01]
Sample 3 - Reconstructed:
[2.53286529e+00 1.59288384e-02 1.31068754e+00 1.15467265e-01
 1.73907640e-04 2.19589114e-01 4.66729252e-05 1.77162898e+00
 7.46711254e-01 5.06295110e-05]

Sample 4 - Original:
[1.9818527e+00 3.2809563e+00 9.7610801e-02 9.9999999e-09 9.9999999e-09
 3.7851164e-01 3.7169909e+00 5.0557160e+00 4.1929832e+00 2.1538053e+00]
Sample 4 - Reconstructed:
[2.8013563e+00 3.7622374e-01 9.8216522e-01 2.9185987e-01 1.0227979e-04
 6.1526054e-01 1.5083485e-04 2.9230061e+00 4.3310957e+00 5.8621692e-05]

Sample 5 - Original:
[2.7376869e+00 4.4362950e+00 1.3103402e+00 9.9999999e-09 9.9999999e-09
 3.7851164e-01 5.4812346e+00 5.2133474e+00 5.1763229e+00 2.3701644e+00]
Sample 5 - Reconstructed:
[1.5481604e+00 1.5399482e-02 3.3910289e-01 3.0590975e-01 1.1047223e-04
 7.2257087e-02 2.4683715e-04 4.1547203e+00 6.7603903e+00 4.4121829e-05]

Epoch [5/20]
Sample 1 - Original:
[2.1243281e+00 2.9429836e+00 2.3878688e-01 9.9999999e-09 9.9999999e-09
 4.2223302e-01 3.2660370e+00 5.7852888e+00 4.1464925e+00 2.0635030e+00]
Sample 1 - Reconstructed:
[6.63622499e-01 1.52639206e-02 9.94825885e-02 2.66570717e-01
 1.45826471e-05 1.55236155e-01 1.75859204e-05 3.66525960e+00
 6.34102488e+00 1.10742585e-04]

Sample 2 - Original:
[1.7355222e+00 3.5631580e+00 4.2644348e-02 9.9999999e-09 9.9999999e-09
 1.6349874e-01 2.5459683e+00 3.9551268e+00 4.0695305e+00 1.8678964e+00]
Sample 2 - Reconstructed:
[9.2449608e+00 1.1451138e-01 1.7692623e+00 4.7623631e-01 1.3534521e-03
 3.2369882e-01 2.7858716e-04 5.8283067e-01 1.3622210e+00 4.5684195e-04]

Sample 3 - Original:
[1.8953027e+00 2.8797057e+00 9.7610801e-02 9.9999999e-09 9.9999999e-09
 9.9999999e-09 1.3448285e+00 2.9836776e+00 3.4737868e+00 1.9183862e+00]
Sample 3 - Reconstructed:
[1.0310927e+01 6.5667826e-01 5.3137404e-01 1.3650966e-01 4.3155707e-04
 1.3043003e+00 9.6489803e-04 3.9505701e+00 7.9080281e+00 9.2850742e-04]

Sample 4 - Original:
[1.2448871e+00 1.8155755e+00 2.1412481e-01 9.9999999e-09 9.9999999e-09
 1.5055969e-01 2.8933623e+00 2.3219280e+00 2.6690269e+00 1.6229304e+00]
Sample 4 - Reconstructed:
[8.7644596e+00 6.5513559e-02 7.2256483e-02 3.4989402e+00 2.7379871e-03
 5.4238758e+00 2.3619903e-03 1.2342218e+01 5.3772330e+00 2.8159674e-03]

Sample 5 - Original:
[1.7570232e+00 4.0294528e+00 1.8903384e-01 9.9999999e-09 9.9999999e-09
 7.0487195e-01 1.7739964e+00 4.4841380e+00 6.7127333e+00 1.3276874e+00]
Sample 5 - Reconstructed:
[6.1246386e+00 4.6756275e-02 2.6756796e-01 3.3792741e+00 7.9720936e-05
 2.6772437e+00 8.6644599e-05 7.8613424e+00 3.9633226e+00 3.7185272e-04]

Epoch [6/20]
Sample 1 - Original:
[9.8550045e-01 3.1259816e+00 9.7610801e-02 9.9999999e-09 9.9999999e-09
 8.4799689e-01 2.3673711e+00 5.5591860e+00 5.4669533e+00 2.0214798e+00]
Sample 1 - Reconstructed:
[1.2305746e+00 1.5283322e-01 2.0063813e+00 2.9224962e-01 5.0017092e-04
 4.0264356e-01 1.1739527e-04 1.6751797e+00 2.4764616e+00 2.2955841e-05]

Sample 2 - Original:
[1.4905702e+00 3.4262648e+00 2.1412481e-01 9.9999999e-09 9.9999999e-09
 7.1369582e-01 2.1309309e+00 6.0103321e+00 4.6351738e+00 1.9259994e+00]
Sample 2 - Reconstructed:
[1.2956176e+01 2.2226375e-02 3.8546431e+00 5.1527035e-01 4.0432345e-04
 7.6792943e-01 1.4655248e-04 5.5301719e+00 4.0689721e+00 1.5518522e-04]

Sample 3 - Original:
[1.6229304e+00 3.0617762e+00 5.6583539e-02 9.9999999e-09 9.9999999e-09
 1.7632279e-01 2.5260689e+00 3.6633446e+00 4.1594677e+00 1.6135317e+00]
Sample 3 - Reconstructed:
[2.6498810e+01 1.0966252e-02 5.7421219e-01 1.3834235e-01 3.1559332e-03
 7.5252660e-02 1.5440593e-02 1.0990051e+00 9.0056133e+00 1.6266071e-03]

Sample 4 - Original:
[1.98550045e+00 4.32768726e+00 1.24328144e-01 9.99999994e-09
 8.40642750e-02 3.44828486e-01 1.81557548e+00 5.21295834e+00
 7.00348997e+00 7.48461246e-01]
Sample 4 - Reconstructed:
[2.7113807e+00 3.7987947e-02 1.7678041e+00 2.0240709e-01 4.6999077e-05
 4.8452452e-01 7.4982864e-04 8.9357700e+00 5.9858603e+00 1.4597299e-05]

Sample 5 - Original:
[1.6415460e+00 2.9818528e+00 1.8903384e-01 9.9999999e-09 9.9999999e-09
 7.7399635e-01 1.9068906e+00 5.9186249e+00 4.9809394e+00 2.1505597e+00]
Sample 5 - Reconstructed:
[2.5806019e+00 1.9125612e-01 2.2172537e-01 5.9954897e-02 2.7734865e-04
 1.3753368e-01 7.5652519e-05 2.0491463e+01 5.4551941e-01 3.8484075e-05]

Epoch [7/20]
Sample 1 - Original:
[2.9963887e+00 4.6322684e+00 9.9999999e-09 9.9999999e-09 9.9999999e-09
 7.3984808e-01 1.8114710e+00 5.6369147e+00 7.1064320e+00 1.3673711e+00]
Sample 1 - Reconstructed:
[2.1273005e+00 4.9626663e-02 1.0719423e+00 2.8079239e-01 4.0568011e-05
 1.4028852e-01 3.0670961e-04 2.1057904e+00 8.5546284e+00 1.7443567e-04]

Sample 2 - Original:
[1.52105069e+00 1.86393845e+00 1.11031316e-01 9.99999994e-09
 9.99999994e-09 8.40642750e-02 1.42223299e+00 2.08065772e+00
 3.16027474e+00 1.25701058e+00]
Sample 2 - Reconstructed:
[1.3421100e+00 3.1715095e-01 5.8590762e-02 4.0171766e+00 1.3226663e-03
 1.1551491e+00 1.8573921e-03 4.2439482e-01 3.7451503e+00 3.0031886e-03]

Sample 3 - Original:
[2.6135316e+00 3.3991711e+00 2.7500704e-01 9.9999999e-09 9.9999999e-09
 6.9599384e-01 1.7949357e+00 5.6229305e+00 6.1657109e+00 1.2509615e+00]
Sample 3 - Reconstructed:
[2.6709058e+00 2.0384678e-01 6.0730004e-01 5.5435270e-01 8.0414109e-05
 2.3196982e-01 1.8165636e-04 2.7883869e-01 1.6053513e+00 1.2685529e-04]

Sample 4 - Original:
[1.5310695e+00 1.9560566e+00 5.0589091e-01 9.9999999e-09 9.9999999e-09
 5.4596835e-01 4.0643654e+00 4.6943231e+00 5.0067468e+00 1.4750849e+00]
Sample 4 - Reconstructed:
[2.8136258e+00 9.2618773e-03 1.3292527e-01 3.8856882e-01 1.0591830e-03
 3.6302034e-02 1.1495305e-03 2.1173475e+00 2.6694596e+00 3.5798262e-04]

Sample 5 - Original:
[1.89141917e+00 3.28688121e+00 4.11426246e-01 9.99999994e-09
 9.99999994e-09 1.11031316e-01 3.27202320e+00 3.61470985e+00
 3.61117244e+00 1.98185265e+00]
Sample 5 - Reconstructed:
[8.3287364e-01 4.9467936e-01 3.9388852e+00 2.8279740e-01 9.2646509e-04
 2.3878436e+00 4.7357921e-03 4.4863176e+00 1.0254847e+01 8.2634884e-04]

Epoch [8/20]
Sample 1 - Original:
[2.0669503e+00 3.6610656e+00 2.1412481e-01 9.9999999e-09 9.9999999e-09
 2.2650854e-01 3.2883584e+00 4.1890340e+00 4.5052557e+00 1.9335726e+00]
Sample 1 - Reconstructed:
[4.8723781e-01 1.9936794e-02 1.2317405e+00 2.1542008e-01 2.0546874e-03
 2.6702648e-01 5.0328542e-03 5.9019961e+00 2.3681140e+00 1.6770005e-03]

Sample 2 - Original:
[1.1505597e+00 1.5993178e+00 4.2644348e-02 9.9999999e-09 9.9999999e-09
 2.2650854e-01 1.8114710e+00 1.8757801e+00 3.0942361e+00 1.3561438e+00]
Sample 2 - Reconstructed:
[4.6906170e-01 1.8149592e-01 4.8358756e-01 9.7009279e-02 5.4445844e-03
 2.7467847e-01 8.5132271e-02 1.2175095e+00 5.1528969e+00 4.1958652e-03]

Sample 3 - Original:
[1.3161458e+00 2.6040714e+00 1.4355303e-02 9.9999999e-09 9.9999999e-09
 8.8752526e-01 2.0356240e+00 5.9970665e+00 4.2675357e+00 1.9927684e+00]
Sample 3 - Reconstructed:
[8.4286302e-01 9.9048778e-02 5.0896513e-01 5.9673947e-01 8.8781450e-04
 7.1666831e-01 5.1957867e-03 4.3765707e+00 7.9188263e-01 5.2374317e-03]

Sample 4 - Original:
[1.07724297e+00 3.03913832e+00 1.11031316e-01 9.99999994e-09
 9.99999994e-09 2.38786876e-01 1.85996950e+00 3.50334883e+00
 3.82171011e+00 1.76553476e+00]
Sample 4 - Reconstructed:
[1.6574575e+01 8.0155939e-02 1.2885827e+00 4.6650964e-01 5.3199166e-03
 7.8657083e-02 3.1705122e-02 2.6364734e+00 7.5696950e+00 4.0174577e-02]

Sample 5 - Original:
[1.37851167e+00 3.57652211e+00 1.24328144e-01 9.99999994e-09
 9.99999994e-09 4.22233015e-01 2.50842857e+00 5.34802008e+00
 4.63343143e+00 1.70043969e+00]
Sample 5 - Reconstructed:
[4.50643390e-01 1.15853333e+00 1.11667134e-01 2.29829267e-01
 1.19622808e-03 7.51972198e-01 2.74547446e-03 2.69551539e+00
 5.42933197e+01 2.56673340e-03]

Epoch [9/20]
Sample 1 - Original:
[1.1634988e+00 2.1699250e+00 7.0389338e-02 9.9999999e-09 9.9999999e-09
 1.3750353e-01 1.3785117e+00 2.5631580e+00 3.0000000e+00 1.4698859e+00]
Sample 1 - Reconstructed:
[1.2457293  0.29381105 0.43495816 0.10719942 0.35133708 0.8180759
 0.200716   1.3416398  3.110709   0.03630485]

Sample 2 - Original:
[1.3161458e+00 1.9259994e+00 1.5055969e-01 9.9999999e-09 9.9999999e-09
 2.3878688e-01 2.5945485e+00 3.3812833e+00 3.6299393e+00 1.6870607e+00]
Sample 2 - Reconstructed:
[5.3245354  0.227127   1.0184933  1.7627939  0.01640524 2.1861005
 0.02967039 8.888912   0.36771134 0.04058568]

Sample 3 - Original:
[2.1076880e+00 4.2913089e+00 4.7508487e-01 9.9999999e-09 9.9999999e-09
 8.4064275e-02 3.2249663e+00 4.5465860e+00 4.8328900e+00 1.5993178e+00]
Sample 3 - Reconstructed:
[0.95673484 0.11249349 0.67500585 1.3483983  0.01383979 2.3297834
 0.03330039 1.811405   2.8356202  0.01100883]

Sample 4 - Original:
[2.1505597e+00 2.1076880e+00 2.5096157e-01 9.9999999e-09 9.9999999e-09
 2.2650854e-01 2.6276069e+00 2.9763637e+00 4.5783348e+00 1.6040714e+00]
Sample 4 - Reconstructed:
[3.6565340e+00 7.5556237e-01 1.0214490e+00 1.5033891e+00 2.9592775e-02
 2.0694714e+00 2.4500625e-02 9.6882896e+00 3.7676089e+00 5.6841969e-03]

Sample 5 - Original:
[1.8439839e+00 4.3673711e+00 4.2644348e-02 9.9999999e-09 9.9999999e-09
 5.5581617e-01 1.7136958e+00 4.9680905e+00 7.0894771e+00 1.4059924e+00]
Sample 5 - Reconstructed:
[0.35007736 0.473688   0.09209954 0.54994756 0.00460925 0.31760296
 0.01293491 2.7992585  0.9192718  0.0058879 ]

Epoch [10/20]
Sample 1 - Original:
[1.9107326e+00 4.1399608e+00 1.8903384e-01 9.9999999e-09 9.9999999e-09
 5.4596835e-01 1.3895668e+00 5.0866141e+00 7.1619883e+00 1.1043366e+00]
Sample 1 - Reconstructed:
[2.5155041  1.1588118  0.28594851 1.9379773  0.2867579  0.33837122
 0.46564654 0.11849161 1.813717   1.2637123 ]

Sample 2 - Original:
[2.4005380e+00 3.3405623e+00 1.7632279e-01 9.9999999e-09 9.9999999e-09
 2.5096157e-01 2.7004397e+00 4.6987743e+00 4.1076880e+00 1.6182387e+00]
Sample 2 - Reconstructed:
[ 0.4455642   0.22547399  0.4439866  15.316361    0.58726287  1.5318242
  0.57124865  1.4622843   0.5016227   0.7149022 ]

Sample 3 - Original:
[1.8399596e+00 3.8777442e+00 3.4482849e-01 9.9999999e-09 9.9999999e-09
 1.3750353e-01 2.8698714e+00 4.3998547e+00 4.7570233e+00 2.0107799e+00]
Sample 3 - Reconstructed:
[0.21708381 0.60732967 2.7379515  2.0256045  1.3319441  0.65806615
 1.2203586  0.48997742 3.276812   0.4256491 ]

Sample 4 - Original:
[1.8155755e+00 3.1890337e+00 5.0589091e-01 9.9999999e-09 9.9999999e-09
 1.7632279e-01 3.8619554e+00 4.0478873e+00 3.6814492e+00 1.8599695e+00]
Sample 4 - Reconstructed:
[0.13963708 0.7874785  0.29480255 1.291205   0.42558494 1.4944518
 0.09612592 1.612611   1.7815757  0.11206643]

Sample 5 - Original:
[1.6825733e+00 2.5607150e+00 9.9999999e-09 9.9999999e-09 9.9999999e-09
 2.2650854e-01 2.1699250e+00 2.8639383e+00 3.1160319e+00 1.8718437e+00]
Sample 5 - Reconstructed:
[ 1.9963297   1.4791235  10.069119    0.62778485  2.122884    0.5358005
  7.6602936   0.20364779  1.4570873   0.50369436]

Epoch [11/20]
Sample 1 - Original:
[2.6937656e+00 1.4005380e+00 1.7632279e-01 9.9999999e-09 9.9999999e-09
 1.5055969e-01 4.2410774e+00 3.6519127e+00 4.6082177e+00 1.9259994e+00]
Sample 1 - Reconstructed:
[0.9172423  5.49342    0.9712502  2.5300002  0.43174314 1.5534822
 1.8927268  1.5845847  0.13612606 0.5093988 ]

Sample 2 - Original:
[1.4905702e+00 1.2326608e+00 5.6583539e-02 9.9999999e-09 9.9999999e-09
 1.3750353e-01 2.9597702e+00 1.7136958e+00 3.6971066e+00 1.1953475e+00]
Sample 2 - Reconstructed:
[1.1825534  0.3805713  0.91495705 1.2473319  0.9304167  1.0041015
 3.181348   2.8558338  0.45973077 1.3639636 ]

Sample 3 - Original:
[1.9486009e+00 3.3117938e+00 1.4541759e+00 9.9999999e-09 9.9999999e-09
 2.5096157e-01 3.5969350e+00 3.6644828e+00 3.9882302e+00 1.9183862e+00]
Sample 3 - Reconstructed:
[4.292012   0.791366   0.83587134 0.35747656 1.4540219  0.71537393
 1.0005722  0.4997736  0.6086675  0.40755823]

Sample 4 - Original:
[2.6848187e+00 2.6415460e+00 5.6583539e-02 9.9999999e-09 9.9999999e-09
 5.3605288e-01 1.3161458e+00 4.9030385e+00 6.4734621e+00 8.5598969e-01]
Sample 4 - Reconstructed:
[1.0230646  2.1535747  5.0083733  2.3084252  1.640413   0.72462744
 3.133015   2.5426016  0.18028967 1.5010056 ]

Sample 5 - Original:
[1.3617684e+00 1.4594316e+00 3.6737105e-01 9.9999999e-09 9.9999999e-09
 9.7610801e-02 2.6299393e+00 2.4489009e+00 3.9818528e+00 1.3504972e+00]
Sample 5 - Reconstructed:
[0.24618104 2.098608   0.7097394  0.16010508 5.957654   1.2862309
 0.8281691  0.9531413  0.33877698 0.31110778]

Epoch [12/20]
Sample 1 - Original:
[1.1634988e+00 2.3561437e+00 7.0389338e-02 9.9999999e-09 9.9999999e-09
 4.1142625e-01 1.8155755e+00 3.4515409e+00 4.4495616e+00 1.0285691e+00]
Sample 1 - Reconstructed:
[3.0443752  3.4592025  0.18180948 0.624564   0.5473955  0.33174777
 2.8924875  0.2831915  0.19132444 0.79527164]

Sample 2 - Original:
[1.3785117e+00 3.2280490e+00 1.5055969e-01 9.9999999e-09 9.9999999e-09
 6.3226819e-01 1.9183862e+00 4.5552025e+00 4.2712765e+00 1.5801455e+00]
Sample 2 - Reconstructed:
[0.7032071  0.5534351  2.7075613  0.4540358  0.63131046 2.1805851
 0.3609255  1.8754859  1.9077402  0.5812599 ]

Sample 3 - Original:
[2.4059923e+00 3.1076880e+00 9.9999999e-09 9.9999999e-09 9.9999999e-09
 3.1034011e-01 3.2016339e+00 5.1767216e+00 4.2326608e+00 2.2690332e+00]
Sample 3 - Reconstructed:
[0.2130946  2.779854   1.756311   1.738262   2.6766336  0.45599124
 1.0614539  0.33859366 1.9244833  0.17302297]

Sample 4 - Original:
[2.9963887e+00 4.6322684e+00 9.9999999e-09 9.9999999e-09 9.9999999e-09
 7.3984808e-01 1.8114710e+00 5.6369147e+00 7.1064320e+00 1.3673711e+00]
Sample 4 - Reconstructed:
[1.0829326 0.6427272 1.0969707 1.1638848 0.9697793 1.1157968 2.1221457
 2.990054  0.7055994 5.5117965]

Sample 5 - Original:
[2.36737108e+00 3.85199881e+00 1.24328144e-01 9.99999994e-09
 9.99999994e-09 3.67371053e-01 4.55090046e+00 5.55213118e+00
 4.70929050e+00 1.84799695e+00]
Sample 5 - Reconstructed:
[1.9053968  0.78688544 4.887537   1.0295758  4.301164   3.2525845
 1.7140956  0.86498016 3.5157473  0.48827463]

Epoch [13/20]
Sample 1 - Original:
[2.0840642e+00 3.0686707e+00 9.9999999e-09 9.9999999e-09 9.9999999e-09
 4.2644348e-02 4.9873209e+00 3.7907720e+00 3.3895669e+00 2.0976107e+00]
Sample 1 - Reconstructed:
[0.48645926 5.1052165  0.7724707  1.1250759  0.50057316 0.21766222
 3.7800436  1.9734584  0.5694566  6.1287317 ]

Sample 2 - Original:
[1.4750849e+00 2.9963887e+00 1.8903384e-01 9.9999999e-09 9.9999999e-09
 4.3295941e-01 4.0746765e+00 3.5058908e+00 3.8962719e+00 1.6780719e+00]
Sample 2 - Reconstructed:
[0.377385   0.5845509  1.8167619  1.2978367  0.67881715 2.4676628
 0.7548015  1.7419925  0.10722238 0.62698984]

Sample 3 - Original:
[2.5509007e+00 1.0908535e+00 9.9999999e-09 9.9999999e-09 9.9999999e-09
 1.5055969e-01 4.6937656e+00 4.1618876e+00 4.4012208e+00 1.7355222e+00]
Sample 3 - Reconstructed:
[1.5810256  1.008456   1.100065   2.1843066  4.3910103  2.329754
 0.40741655 1.4958307  1.2604856  0.4785242 ]

Sample 4 - Original:
[1.7268312e+00 4.1683211e+00 3.4482849e-01 9.9999999e-09 9.9999999e-09
 5.4596835e-01 2.5607150e+00 4.3519111e+00 6.9116917e+00 1.4436066e+00]
Sample 4 - Reconstructed:
[0.35936102 1.0984633  8.533401   1.2712415  3.005649   0.36977914
 1.3312597  6.437394   3.698547   1.0102084 ]

Sample 5 - Original:
[1.8678964e+00 2.7224660e+00 2.6303440e-01 9.9999999e-09 9.9999999e-09
 5.6559718e-01 2.3561437e+00 5.6842575e+00 5.5686402e+00 1.9597702e+00]
Sample 5 - Reconstructed:
[0.9374536  0.8478912  1.1716003  7.5362296  0.23792209 1.3475593
 2.524133   0.9939677  0.45444635 0.65152204]

Epoch [14/20]
Sample 1 - Original:
[2.3362834e+00 3.8639383e+00 1.4355303e-02 9.9999999e-09 9.9999999e-09
 3.8956681e-01 1.5945486e+00 5.1554255e+00 6.5199509e+00 1.4594316e+00]
Sample 1 - Reconstructed:
[0.48690927 3.7029145  2.4881902  2.2109656  2.3444066  2.1151853
 0.22662206 0.81021786 1.2429506  0.42623213]

Sample 2 - Original:
[2.0000000e+00 3.1618876e+00 5.2606881e-01 9.9999999e-09 9.9999999e-09
 4.8542681e-01 1.8757801e+00 4.5753121e+00 6.7209625e+00 9.9276841e-01]
Sample 2 - Reconstructed:
[0.25150326 1.858014   6.180702   3.1481967  4.8136377  3.67318
 4.08373    0.5063417  0.46947286 0.50498694]

Sample 3 - Original:
[1.8678964e+00 3.8073549e+00 1.8903384e-01 9.9999999e-09 9.9999999e-09
 9.1073269e-01 2.1890337e+00 4.8001232e+00 7.1244316e+00 9.1838622e-01]
Sample 3 - Reconstructed:
[ 5.3386617   2.109905    0.46065453 11.73024     1.1491024   0.8911065
  2.114441    5.375867    3.2390509   2.564937  ]

Sample 4 - Original:
[2.2898345e+00 3.6299393e+00 9.7610801e-02 9.9999999e-09 9.9999999e-09
 3.2192808e-01 2.1473067e+00 4.8318772e+00 6.9934478e+00 1.1505597e+00]
Sample 4 - Reconstructed:
[1.8131812  0.62469095 1.580876   1.8990575  0.77083725 3.6338077
 0.27803385 1.3208307  0.7860426  0.880476  ]

Sample 5 - Original:
[2.12432814e+00 3.90303826e+00 1.11031316e-01 9.99999994e-09
 9.99999994e-09 1.89033836e-01 1.23878682e+00 4.29130888e+00
 3.86591887e+00 2.13093090e+00]
Sample 5 - Reconstructed:
[0.82289165 0.72146136 2.1160862  5.2734413  2.0244615  0.37338582
 4.7527595  2.2405205  0.8745804  2.1867144 ]

Epoch [15/20]
Sample 1 - Original:
[1.1505597e+00 3.1407785e+00 4.0053794e-01 9.9999999e-09 9.9999999e-09
 9.7610801e-02 2.3895669e+00 3.4802651e+00 3.8114710e+00 1.4646683e+00]
Sample 1 - Reconstructed:
[5.2223134  0.21693584 1.1020621  0.7123034  5.791606   6.614577
 2.5245345  1.0404258  3.2874784  0.5345199 ]

Sample 2 - Original:
[1.9523336e+00 2.2387869e+00 7.0487195e-01 9.9999999e-09 9.9999999e-09
 7.0389338e-02 1.8196682e+00 2.2720232e+00 3.6099913e+00 1.3045111e+00]
Sample 2 - Reconstructed:
[6.372132   1.9756825  1.2628032  0.83508474 3.251111   3.7705727
 3.5550199  0.47376037 2.312668   4.245961  ]

Sample 3 - Original:
[2.12432814e+00 3.90303826e+00 1.11031316e-01 9.99999994e-09
 9.99999994e-09 1.89033836e-01 1.23878682e+00 4.29130888e+00
 3.86591887e+00 2.13093090e+00]
Sample 3 - Reconstructed:
[1.84892    0.3912135  6.6066976  2.14889    0.41013342 5.437203
 0.28725067 0.96647984 2.2713928  0.9202178 ]

Sample 4 - Original:
[2.0738201e+00 2.8217101e+00 9.9999999e-09 9.9999999e-09 9.9999999e-09
 5.7531232e-01 1.2570106e+00 4.4969735e+00 6.2520976e+00 1.2387868e+00]
Sample 4 - Reconstructed:
[0.43625134 1.0532607  2.5171862  4.299385   1.4803922  1.4256853
 1.3428091  1.4410527  5.3783026  7.806252  ]

Sample 5 - Original:
[3.1763227e+00 2.3923175e+00 1.7632279e-01 9.9999999e-09 9.9999999e-09
 4.2644348e-02 2.7718856e+00 3.7750506e+00 5.4789720e+00 2.0738201e+00]
Sample 5 - Reconstructed:
[6.0331187  0.5084333  2.7961593  1.1908653  1.6146871  1.175382
 4.0682034  4.001565   0.35608807 0.6602164 ]

Epoch [16/20]
Sample 1 - Original:
[2.2660370e+00 4.3998547e+00 4.3295941e-01 9.9999999e-09 9.9999999e-09
 5.1601517e-01 1.4956951e+00 4.9387565e+00 6.3710361e+00 1.6599245e+00]
Sample 1 - Reconstructed:
[ 0.31078225  4.241134    2.0813425   3.5255148   9.123087    0.71355814
 19.30846    15.547818    1.4249157  12.322137  ]

Sample 2 - Original:
[2.30451107e+00 3.22033000e+00 1.24328144e-01 9.99999994e-09
 9.99999994e-09 1.63498744e-01 3.41278148e+00 4.20789289e+00
 4.12184429e+00 1.95977020e+00]
Sample 2 - Reconstructed:
[0.257054  7.811925  0.9195786 1.8969487 1.7375726 0.8351672 2.8829463
 0.9490394 1.069232  0.8639908]

Sample 3 - Original:
[1.6135317e+00 1.8318772e+00 5.6583539e-02 9.9999999e-09 9.9999999e-09
 1.3750353e-01 2.1634986e+00 2.5210507e+00 3.2839217e+00 1.4541759e+00]
Sample 3 - Reconstructed:
[0.74855834 0.7223472  3.2632823  2.969649   1.7222848  2.0874403
 5.6990514  1.628569   1.1467758  0.73141   ]

Sample 4 - Original:
[2.1276333e+00 3.6644828e+00 1.2387868e+00 9.9999999e-09 9.9999999e-09
 1.6349874e-01 3.0496309e+00 3.9873209e+00 4.4369612e+00 2.1505597e+00]
Sample 4 - Reconstructed:
[1.59511    1.0526131  0.8882696  6.503549   2.9903026  0.5213326
 0.21718717 0.26706234 0.46452513 2.099803  ]

Sample 5 - Original:
[1.8155755e+00 3.2779849e+00 3.5614380e-01 9.9999999e-09 9.9999999e-09
 2.1412481e-01 4.6229305e+00 3.2172308e+00 4.1026583e+00 2.1570437e+00]
Sample 5 - Reconstructed:
[ 2.2229114   1.2315634   0.22954738  1.6460553   6.607002   10.678025
  1.4173766   0.26126662  0.38380113  3.086976  ]

Epoch [17/20]
Sample 1 - Original:
[1.2203300e+00 4.9541965e+00 2.5096157e-01 9.9999999e-09 9.9999999e-09
 3.1034011e-01 2.3362834e+00 4.4349618e+00 4.1570439e+00 1.8559897e+00]
Sample 1 - Reconstructed:
[1.1100254  0.28313842 2.4054725  2.8326895  7.746194   0.4253426
 0.11729996 0.12445734 0.47291324 1.0300108 ]

Sample 2 - Original:
[2.96532249e+00 1.69153416e+00 1.24328144e-01 9.99999994e-09
 9.99999994e-09 3.10340106e-01 4.25776482e+00 3.81147099e+00
 5.05658340e+00 2.52606893e+00]
Sample 2 - Reconstructed:
[1.395192  0.8747866 2.7054155 1.4342965 1.2462021 7.286302  2.580041
 1.3037874 1.2643204 1.9606292]

Sample 3 - Original:
[1.4594316e+00 2.8196683e+00 9.7610801e-02 9.9999999e-09 9.9999999e-09
 2.7500704e-01 2.0285692e+00 3.0356240e+00 4.2326608e+00 1.4489009e+00]
Sample 3 - Reconstructed:
[1.8876755  0.29327852 1.3740404  2.2190368  0.3779738  1.1834781
 2.564253   3.7756948  2.0967932  1.5801715 ]

Sample 4 - Original:
[2.0391383e+00 3.0179219e+00 9.9999999e-09 9.9999999e-09 9.9999999e-09
 8.7970579e-01 2.8196683e+00 4.5459685e+00 6.0744624e+00 1.4541759e+00]
Sample 4 - Reconstructed:
[1.5612564  6.868316   1.1979265  3.6516292  1.9744127  0.4326379
 0.20206554 0.4418325  0.8009034  0.94435525]

Sample 5 - Original:
[2.02147985e+00 3.01613975e+00 1.24328144e-01 9.99999994e-09
 9.99999994e-09 5.26068807e-01 1.93357265e+00 5.62322330e+00
 6.83958197e+00 1.21412480e+00]
Sample 5 - Reconstructed:
[ 1.1817579   2.3504794   2.6912105   1.5339668  13.137547    3.5984774
  1.3991464   0.49981323  0.3243201   0.7635342 ]

Epoch [18/20]
Sample 1 - Original:
[2.3015876e+00 3.1779177e+00 2.0163387e-01 9.9999999e-09 9.9999999e-09
 2.9865831e-01 3.5558162e+00 3.5765221e+00 4.8459916e+00 1.3276874e+00]
Sample 1 - Reconstructed:
[ 0.40043318  4.3906965  19.257517    0.9026539   1.5308764   1.826372
  0.57673323  0.99913937  0.34338865  0.9703396 ]

Sample 2 - Original:
[1.2509615e+00 2.1076880e+00 2.3878688e-01 9.9999999e-09 9.9999999e-09
 3.3342373e-01 1.9597702e+00 3.3405623e+00 4.9713135e+00 1.1043366e+00]
Sample 2 - Reconstructed:
[0.53439784 0.6982955  2.940723   5.49444    2.7941742  3.4394407
 1.0229353  0.9675479  1.0739983  3.397477  ]

Sample 3 - Original:
[2.5484366e+00 4.1842804e+00 2.8688115e-01 9.9999999e-09 9.9999999e-09
 1.0976108e+00 1.8519988e+00 4.4918532e+00 6.5369854e+00 1.0635029e+00]
Sample 3 - Reconstructed:
[ 1.1124309   2.6295705   2.3626976   2.949188    5.940023    1.2247429
  2.7950463   0.49730292 20.548021    2.314345  ]

Sample 4 - Original:
[1.8278190e+00 3.3854311e+00 9.9999999e-09 9.9999999e-09 9.9999999e-09
 3.1034011e-01 2.8757801e+00 3.6264391e+00 4.9537311e+00 1.9745293e+00]
Sample 4 - Reconstructed:
[ 0.7423178  0.5025969 10.3746395  2.3247032  4.182172   1.2566714
  4.2785583  3.924249   2.6500874  4.737047 ]

Sample 5 - Original:
[1.5360529e+00 4.8509994e+00 3.7851164e-01 9.9999999e-09 9.9999999e-09
 2.5096157e-01 1.4059924e+00 4.2905717e+00 4.3154211e+00 1.7092906e+00]
Sample 5 - Reconstructed:
[ 1.3744233  7.6541557  2.1493528  2.4450865  0.573665   0.1658238
  0.8338533  1.5597615  4.132625  10.315349 ]

Epoch [19/20]
Sample 1 - Original:
[1.8639385e+00 3.8247678e+00 4.4360664e-01 9.9999999e-09 9.9999999e-09
 5.6583539e-02 2.4059923e+00 4.4796185e+00 4.2615309e+00 2.1826923e+00]
Sample 1 - Reconstructed:
[5.135004   1.0076514  0.49602345 1.1398896  2.813717   1.5055605
 1.0049218  1.4330869  1.6238142  0.43103015]

Sample 2 - Original:
[1.4329594e+00 3.0565836e+00 3.2192808e-01 9.9999999e-09 9.9999999e-09
 2.9865831e-01 3.0874629e+00 3.9231491e+00 4.6158872e+00 1.2509615e+00]
Sample 2 - Reconstructed:
[ 0.2225338  3.296401   1.4914362  3.0493195 10.771772   5.266663
  0.7523847  3.1313388  0.6172708  1.6612768]

Sample 3 - Original:
[2.0036023e+00 4.3638721e+00 1.8903384e-01 9.9999999e-09 9.9999999e-09
 4.8542681e-01 4.1034975e+00 4.9667072e+00 4.7676549e+00 2.4828482e+00]
Sample 3 - Reconstructed:
[7.5070114 2.559588  1.6258185 1.3671252 0.4087154 3.2363822 2.273724
 1.4012578 0.5208792 9.331273 ]

Sample 4 - Original:
[1.1570437e+00 2.5134907e+00 3.1034011e-01 9.9999999e-09 5.6583539e-02
 1.8903384e-01 2.1570437e+00 4.1309309e+00 4.1259818e+00 1.7782086e+00]
Sample 4 - Reconstructed:
[0.5198393  3.5026531  1.0271038  1.7486835  3.9478292  4.5858603
 1.8296775  0.64129114 1.7995573  7.8959575 ]

Sample 5 - Original:
[2.3504972e+00 2.2570107e+00 9.9999999e-09 9.9999999e-09 9.9999999e-09
 6.3226819e-01 1.3950628e+00 4.9850450e+00 6.4505515e+00 1.7180876e+00]
Sample 5 - Reconstructed:
[ 0.09796461  1.5753435   2.1869414   0.66278875  4.5856247   2.9464402
 16.758276    0.8823061   3.0819056   1.3370702 ]

Epoch [20/20]
Sample 1 - Original:
[1.6461626e+00 2.8836207e+00 2.6303440e-01 9.9999999e-09 9.9999999e-09
 9.7610801e-02 2.2387869e+00 3.6530600e+00 4.4175148e+00 1.8073549e+00]
Sample 1 - Reconstructed:
[0.6306507  4.2365766  0.82172126 1.1472291  1.407979   0.6859039
 1.9094285  0.6309237  0.811556   0.36133587]

Sample 2 - Original:
[2.2660370e+00 3.2824397e+00 9.7610801e-02 9.9999999e-09 9.9999999e-09
 2.1412481e-01 2.4776773e+00 4.1898246e+00 3.5020759e+00 9.1838622e-01]
Sample 2 - Reconstructed:
[ 2.5741944   2.8043962  19.405918    1.7684398   0.6897189   1.3102814
  4.2558002   0.07491195  1.0087882   0.59669167]

Sample 3 - Original:
[2.2141249e+00 4.2607784e+00 1.8903384e-01 9.9999999e-09 9.9999999e-09
 6.8706071e-01 1.5210507e+00 5.1362734e+00 6.7105308e+00 9.9276841e-01]
Sample 3 - Reconstructed:
[ 0.14515756  6.4827538   5.176663    2.093354   10.681564    2.1410213
  2.576496    0.7073532   2.61459     2.1421301 ]

Sample 4 - Original:
[1.4276062e+00 2.8991756e+00 1.6349874e-01 9.9999999e-09 9.9999999e-09
 9.7610801e-02 2.8718436e+00 3.3868110e+00 4.4107480e+00 1.3219281e+00]
Sample 4 - Reconstructed:
[ 1.0413673  4.92728    6.61212    9.886086   0.6414819 15.349097
  1.5300983  1.575552   1.1758163 23.067488 ]

Sample 5 - Original:
[2.2326608e+00 4.1618876e+00 9.9999999e-09 9.9999999e-09 9.9999999e-09
 7.1369582e-01 2.5680320e+00 4.9927683e+00 6.6327043e+00 1.1375035e+00]
Sample 5 - Reconstructed:
[0.3882989  1.1452713  8.781002   2.55539    6.0525007  9.281811
 0.71304667 0.2109954  0.7625641  3.524387  ]

